#Parameters = {BeamSourceOriginX=0; BeamSourceOriginY=0; BeamSourceOriginZ=115.79674639889; D=50.003107798429; PML_offset=0; R=61.548; alpha=90; angle_20dB=11.769; beam_f=-234.79674639889; beam_w=1.94; f=120; n=1.5129; phi=0; source_dist=115.79674639889; th=5.3067463988873; th2=8; theta=0}
#"X / mm"	"power (f=90) (fsGBMacro_3331027.311nm(1,0),(0.0))_Abs (X) [Magnitude / dB]"
#-------------------------------------------------------------------------------------
-25.001553899214	-5.0971834370938
-24.967305195243	-4.8382850065779
-24.933056491271	-4.5757073874810
-24.898807787300	-3.9421338570504
-24.864559083328	-3.3065605601745
-24.830310379357	-2.4629474457724
-24.796061675385	-1.6470904768764
-24.761812971414	-0.73156642600388
-24.727564267442	0.20987463345852
-24.693315563471	1.1314584998037
-24.659066859499	2.1370882466816
-24.624818155528	3.0558072857470
-24.590569451556	4.0397541468056
-24.556320747585	4.9604594574781
-24.522072043613	5.8639263333336
-24.487823339642	6.7621281675685
-24.453574635670	7.5865628174901
-24.419325931699	8.4482724957606
-24.385077227727	9.2350947403113
-24.350828523755	10.010966064998
-24.316579819784	10.760286165656
-24.282331115812	11.458909386020
-24.248082411841	12.167220756575
-24.213833707869	12.822874034379
-24.179585003898	13.466410595498
-24.145336299926	14.084078643380
-24.111087595955	14.667335018079
-24.076838891983	15.245210215458
-24.042590188012	15.787179779238
-24.008341484040	16.315300974871
-23.974092780069	16.820832436530
-23.939844076097	17.302069038260
-23.905595372126	17.770038408154
-23.871346668154	18.214089659393
-23.837097964183	18.641748332940
-23.802849260211	19.051018382023
-23.768600556240	19.441777197091
-23.734351852268	19.815483376780
-23.700103148296	20.173782028376
-23.665854444325	20.512892149121
-23.631605740353	20.837924741533
-23.597357036382	21.147850351850
-23.563108332410	21.439176862379
-23.528859628439	21.721113638303
-23.494610924467	21.981833294592
-23.460362220496	22.232114126965
-23.426113516524	22.469571005629
-23.391864812553	22.688268164234
-23.357616108581	22.901739771398
-23.323367404610	23.093099643885
-23.289118700638	23.276963021350
-23.254869996667	23.449682387044
-23.220621292695	23.604632383629
-23.186372588724	23.757103480608
-23.152123884752	23.887862553165
-23.117875180781	24.013491464309
-23.083626476809	24.129440822814
-23.049377772837	24.229585265469
-23.015129068866	24.328913104308
-22.980880364894	24.408323182306
-22.946631660923	24.484466268676
-22.912382956951	24.552446662865
-22.878134252980	24.607406517372
-22.843885549008	24.662407718396
-22.809636845037	24.700645972564
-22.775388141065	24.737009156261
-22.741139437094	24.766762146566
-22.706890733122	24.786984229762
-22.672642029151	24.807553765814
-22.638393325179	24.815274036918
-22.604144621208	24.822405723813
-22.569895917236	24.824702149149
-22.535647213265	24.821094803361
-22.501398509293	24.817817030113
-22.467149805322	24.806397978528
-22.432901101350	24.795031154993
-22.398652397378	24.780967432635
-22.364403693407	24.764122759646
-22.330154989435	24.747371758600
-22.295906285464	24.727483337473
-22.261657581492	24.707668421619
-22.227408877521	24.687359772616
-22.193160173549	24.666593258293
-22.158911469578	24.645889864761
-22.124662765606	24.626021116926
-22.090414061635	24.606117064226
-22.056165357663	24.587600722572
-22.021916653692	24.570048233919
-21.987667949720	24.552842702909
-21.953419245749	24.538721794865
-21.919170541777	24.524614794515
-21.884921837806	24.513123567014
-21.850673133834	24.503237618626
-21.816424429863	24.494119409667
-21.782175725891	24.488807883529
-21.747927021919	24.483738843168
-21.713678317948	24.481697025144
-21.679429613976	24.481369972772
-21.645180910005	24.482167495998
-21.610932206033	24.486379861282
-21.576683502062	24.491185157435
-21.542434798090	24.498828747331
-21.508186094119	24.507979267125
-21.473937390147	24.518563224639
-21.439688686176	24.531557493124
-21.405439982204	24.545516552612
-21.371191278233	24.561660692711
-21.336942574261	24.579133146485
-21.302693870290	24.597998894692
-21.268445166318	24.618490596894
-21.234196462347	24.640241893462
-21.199947758375	24.663342529013
-21.165699054404	24.687811273151
-21.131450350432	24.713439857978
-21.097201646460	24.740298434524
-21.062952942489	24.768519690675
-21.028704238517	24.797510697217
-20.994455534546	24.827923627811
-20.960206830574	24.859192158653
-20.925958126603	24.891510855781
-20.891709422631	24.925024663167
-20.857460718660	24.959044593737
-20.823212014688	24.994341958229
-20.788963310717	25.030114033333
-20.754714606745	25.066750826797
-20.720465902774	25.104200716021
-20.686217198802	25.141841719581
-20.651968494831	25.180456548963
-20.617719790859	25.218884122142
-20.583471086888	25.257877882984
-20.549222382916	25.297024505673
-20.514973678945	25.335788514461
-20.480724974973	25.375149398567
-20.446476271001	25.413107408715
-20.412227567030	25.451331303323
-20.377978863058	25.488692435678
-20.343730159087	25.524965109328
-20.309481455115	25.561390755684
-20.275232751144	25.594797483713
-20.240984047172	25.628329230549
-20.206735343201	25.659589762360
-20.172486639229	25.689185962832
-20.138237935258	25.718559765940
-20.103989231286	25.743249590729
-20.069740527315	25.767917389234
-20.035491823343	25.789553605646
-20.001243119372	25.808388410241
-19.966994415400	25.827188395476
-19.932745711429	25.839515416017
-19.898497007457	25.851761142309
-19.864248303485	25.860711394387
-19.829999599514	25.865813087554
-19.795750895542	25.870949025680
-19.761502191571	25.869031261947
-19.727253487599	25.866662383494
-19.693004783628	25.861221433584
-19.658756079656	25.851116848533
-19.624507375685	25.841189754160
-19.590258671713	25.824394443274
-19.556009967742	25.806761168679
-19.521761263770	25.786663996703
-19.487512559799	25.761476739424
-19.453263855827	25.736625902091
-19.419015151856	25.705766330021
-19.384766447884	25.673757658224
-19.350517743913	25.640099991020
-19.316269039941	25.601413111602
-19.282020335970	25.563186916750
-19.247771631998	25.520235969724
-19.213522928026	25.475974046757
-19.179274224055	25.430874223196
-19.145025520083	25.381281163681
-19.110776816112	25.332204481863
-19.076528112140	25.279835579848
-19.042279408169	25.226175605158
-19.008030704197	25.172307977918
-18.973782000226	25.114817627112
-18.939533296254	25.057793156956
-18.905284592283	24.998735539973
-18.871035888311	24.938527387991
-18.836787184340	24.878433436396
-18.802538480368	24.815704092150
-18.768289776397	24.753258200778
-18.734041072425	24.689689065850
-18.699792368454	24.625161496700
-18.665543664482	24.560738882204
-18.631294960511	24.494598519212
-18.597046256539	24.428443716721
-18.562797552567	24.361687981700
-18.528548848596	24.294185154986
-18.494300144624	24.226479925152
-18.460051440653	24.158011777075
-18.425802736681	24.089206640074
-18.391554032710	24.020080122835
-18.357305328738	23.950525497097
-18.323056624767	23.880584302878
-18.288807920795	23.810716821066
-18.254559216824	23.740294490841
-18.220310512852	23.670217888315
-18.186061808881	23.600021042195
-18.151813104909	23.529703845213
-18.117564400938	23.460487651548
-18.083315696966	23.390779126501
-18.049066992995	23.322796558072
-18.014818289023	23.255173564131
-17.980569585052	23.188361431089
-17.946320881080	23.123981113870
-17.912072177108	23.059543195297
-17.877823473137	22.998980100118
-17.843574769165	22.939369447017
-17.809326065194	22.882146612613
-17.775077361222	22.828702969869
-17.740828657251	22.775930202882
-17.706579953279	22.729544871359
-17.672331249308	22.684572077927
-17.638082545336	22.643774837427
-17.603833841365	22.607614311303
-17.569585137393	22.572994620550
-17.535336433422	22.546327667343
-17.501087729450	22.521247860401
-17.466839025479	22.501529751770
-17.432590321507	22.486315143970
-17.398341617536	22.473489787495
-17.364092913564	22.467850983321
-17.329844209593	22.463838496497
-17.295595505621	22.465120001889
-17.261346801649	22.469794350807
-17.227098097678	22.476879221300
-17.192849393706	22.489089487124
-17.158600689735	22.502476665789
-17.124351985763	22.519850964710
-17.090103281792	22.539093673742
-17.055854577820	22.560016072923
-17.021605873849	22.583626609534
-16.987357169877	22.607782349488
-16.953108465906	22.633972186000
-16.918859761934	22.660756722767
-16.884611057963	22.688176903196
-16.850362353991	22.716331816165
-16.816113650020	22.744554090702
-16.781864946048	22.773021370515
-16.747616242077	22.801452300165
-16.713367538105	22.829638481921
-16.679118834134	22.857525612302
-16.644870130162	22.885322927937
-16.610621426190	22.912155700535
-16.576372722219	22.938937452647
-16.542124018247	22.965046674454
-16.507875314276	22.990617271435
-16.473626610304	23.016206243138
-16.439377906333	23.040608835049
-16.405129202361	23.065271477136
-16.370880498390	23.089386519133
-16.336631794418	23.113323718703
-16.302383090447	23.137597294677
-16.268134386475	23.161184728238
-16.233885682504	23.185481777958
-16.199636978532	23.209712744639
-16.165388274561	23.234373189087
-16.131139570589	23.259803583586
-16.096890866618	23.285351597512
-16.062642162646	23.312039918758
-16.028393458675	23.339303887457
-15.994144754703	23.367574192841
-15.959896050731	23.397002448536
-15.925647346760	23.427276434809
-15.891398642788	23.458941875280
-15.857149938817	23.491678639617
-15.822901234845	23.525722041990
-15.788652530874	23.561094282659
-15.754403826902	23.597651171585
-15.720155122931	23.635568151385
-15.685906418959	23.674658192062
-15.651657714988	23.714961278377
-15.617409011016	23.756421992736
-15.583160307045	23.798863278626
-15.548911603073	23.842355964079
-15.514662899102	23.886581527681
-15.480414195130	23.931602930954
-15.446165491159	23.977245557452
-15.411916787187	24.023197052372
-15.377668083215	24.069740782211
-15.343419379244	24.115993306429
-15.309170675272	24.162503882208
-15.274921971301	24.208795128709
-15.240673267329	24.254458621432
-15.206424563358	24.300279185916
-15.172175859386	24.344365677514
-15.137927155415	24.388313099356
-15.103678451443	24.431051678515
-15.069429747472	24.472269093663
-15.035181043500	24.513382103812
-15.000932339529	24.551066556336
-14.966683635557	24.588541984407
-14.932434931586	24.623779802395
-14.898186227614	24.656846821754
-14.863937523643	24.689634949044
-14.829688819671	24.717596062448
-14.795440115700	24.745510383021
-14.761191411728	24.770236075688
-14.726942707756	24.792519377549
-14.692694003785	24.814340881828
-14.658445299813	24.830382462230
-14.624196595842	24.846668533098
-14.589947891870	24.859443590074
-14.555699187899	24.869143733133
-14.521450483927	24.879281628504
-14.487201779956	24.882406222297
-14.452953075984	24.885831871224
-14.418704372013	24.886616958286
-14.384455668041	24.883118789064
-14.350206964070	24.880462316058
-14.315958260098	24.871432244165
-14.281709556127	24.861925799335
-14.247460852155	24.851044678059
-14.213212148184	24.834671318981
-14.178963444212	24.819460921550
-14.144714740241	24.799028103809
-14.110466036269	24.777135664211
-14.076217332297	24.755240538326
-14.041968628326	24.726810594445
-14.007719924354	24.699678992678
-13.973471220383	24.668727091526
-13.939222516411	24.635274446241
-13.904973812440	24.602998673531
-13.870725108468	24.563520623020
-13.836476404497	24.525227518778
-13.802227700525	24.484511905934
-13.767978996554	24.440423978275
-13.733730292582	24.397389478714
-13.699481588611	24.348791111782
-13.665232884639	24.300186394641
-13.630984180668	24.250317324496
-13.596735476696	24.196668582098
-13.562486772725	24.143618925936
-13.528238068753	24.086902605596
-13.493989364782	24.029180571219
-13.459740660810	23.970937656528
-13.425491956838	23.909355301602
-13.391243252867	23.847816834714
-13.356994548895	23.784408514389
-13.322745844924	23.719724121390
-13.288497140952	23.654734769810
-13.254248436981	23.588105701344
-13.219999733009	23.521073520760
-13.185751029038	23.453760996031
-13.151502325066	23.386085362775
-13.117253621095	23.317892964270
-13.083004917123	23.251155142749
-13.048756213152	23.184029662272
-13.014507509180	23.117912078588
-12.980258805209	23.053869063939
-12.946010101237	22.989452957879
-12.911761397266	22.929572597684
-12.877512693294	22.870670621493
-12.843263989323	22.813651274529
-12.809015285351	22.762603594004
-12.774766581379	22.711851226689
-12.740517877408	22.668029200479
-12.706269173436	22.627863287940
-12.672020469465	22.589845098429
-12.637771765493	22.562359499944
-12.603523061522	22.536088522074
-12.569274357550	22.517780170450
-12.535025653579	22.506194009637
-12.500776949607	22.496200720100
-12.466528245636	22.500264872829
-12.432279541664	22.506127694524
-12.398030837693	22.519699658387
-12.363782133721	22.541532753759
-12.329533429750	22.565155983281
-12.295284725778	22.601831348317
-12.261036021807	22.640622617400
-12.226787317835	22.685713082544
-12.192538613864	22.738286959888
-12.158289909892	22.792071435051
-12.124041205920	22.855715580989
-12.089792501949	22.920967083363
-12.055543797977	22.990103847239
-12.021295094006	23.064560277855
-11.987046390034	23.139280865661
-11.952797686063	23.219708449870
-11.918548982091	23.300814025941
-11.884300278120	23.383356582026
-11.850051574148	23.468519197882
-11.815802870177	23.553173971669
-11.781554166205	23.639690223278
-11.747305462234	23.725990514897
-11.713056758262	23.811958907701
-11.678808054291	23.898010015388
-11.644559350319	23.983246699123
-11.610310646348	24.067399014735
-11.576061942376	24.150671743859
-11.541813238404	24.232654109095
-11.507564534433	24.312498014796
-11.473315830461	24.391653104379
-11.439067126490	24.467604860024
-11.404818422518	24.542134026019
-11.370569718547	24.615056053319
-11.336321014575	24.683713216790
-11.302072310604	24.752061152691
-11.267823606632	24.815599241550
-11.233574902661	24.877071051119
-11.199326198689	24.937027095570
-11.165077494718	24.990382126933
-11.130828790746	25.043860210478
-11.096580086775	25.091184084521
-11.062331382803	25.135486430365
-11.028082678832	25.178607838003
-10.993833974860	25.212483697801
-10.959585270889	25.246814048959
-10.925336566917	25.273946706527
-10.891087862945	25.296765855222
-10.856839158974	25.318892092791
-10.822590455002	25.329083067597
-10.788341751031	25.339872066873
-10.754093047059	25.342881433173
-10.719844343088	25.340125633302
-10.685595639116	25.337227056953
-10.651346935145	25.320272740353
-10.617098231173	25.303820192953
-10.582849527202	25.279709909088
-10.548600823230	25.248626211525
-10.514352119259	25.217848115548
-10.480103415287	25.172200930583
-10.445854711316	25.126722679856
-10.411606007344	25.074462408797
-10.377357303373	25.014727187553
-10.343108599401	24.954924473015
-10.308859895430	24.882460703906
-10.274611191458	24.809145970989
-10.240362487486	24.730595862270
-10.206113783515	24.645255068329
-10.171865079543	24.559281750976
-10.137616375572	24.464615105572
-10.103367671600	24.368331044781
-10.069118967629	24.268975191011
-10.034870263657	24.164892414310
-10.000621559686	24.059646318564
-9.9663728557143	23.951133592402
-9.9321241517427	23.840853892622
-9.8978754477712	23.729499254526
-9.8636267437997	23.617496724549
-9.8293780398282	23.504056265612
-9.7951293358566	23.392549955774
-9.7608806318851	23.280893770003
-9.7266319279136	23.169265028698
-9.6923832239421	23.063012792572
-9.6581345199705	22.955449106868
-9.6238858159990	22.853872813300
-9.5896371120275	22.755430115657
-9.5553884080559	22.657089799708
-9.5211397040844	22.571054377864
-9.4868910001129	22.484197037935
-9.4526422961414	22.405613890856
-9.4183935921698	22.334320499643
-9.3841448881983	22.262519258978
-9.3498961842268	22.208875973052
-9.3156474802553	22.155235769648
-9.2813987762837	22.110204473818
-9.2471500723122	22.076317117119
-9.2129013683407	22.042456916819
-9.1786526643692	22.026987821414
-9.1444039603976	22.013876847333
-9.1101552564261	22.007997109589
-9.0759065524546	22.015686658926
-9.0416578484830	22.023574593960
-9.0074091445115	22.047455434830
-8.9731604405400	22.075466040225
-8.9389117365685	22.108273512117
-8.9046630325969	22.155126386316
-8.8704143286254	22.201921081118
-8.8361656246539	22.260711159911
-8.8019169206824	22.324348293675
-8.7676682167108	22.390071787435
-8.7334195127393	22.468344106977
-8.6991708087678	22.546061220346
-8.6649221047963	22.631236911112
-8.6306734008247	22.720835006827
-8.5964246968532	22.810279191315
-8.5621759928817	22.909068490867
-8.5279272889101	23.006835363434
-8.4936785849386	23.107845894756
-8.4594298809671	23.211775495285
-8.4251811769956	23.314541885867
-8.3909324730240	23.421520113895
-8.3566837690525	23.527443967246
-8.3224350650810	23.633297986238
-8.2881863611095	23.739524552809
-8.2539376571379	23.844504093770
-8.2196889531664	23.948188331320
-8.1854402491949	24.050671500900
-8.1511915452234	24.151038561317
-8.1169428412518	24.248301887900
-8.0826941372803	24.344509425159
-8.0484454333088	24.435294404941
-8.0141967293372	24.523885471678
-7.9799480253657	24.609729683720
-7.9456993213942	24.688389158913
-7.9114506174227	24.766358042806
-7.8772019134511	24.836488269131
-7.8429532094796	24.902691305275
-7.8087045055081	24.966770707184
-7.7744558015366	25.019532078050
-7.7402070975650	25.071982661125
-7.7059583935935	25.115930143463
-7.6717096896220	25.153809781875
-7.6374609856505	25.190962847354
-7.6032122816789	25.213407353020
-7.5689635777074	25.235795943616
-7.5347148737359	25.250403966337
-7.5004661697643	25.257026800178
-7.4662174657928	25.263645675183
-7.4319687618213	25.255381970433
-7.3977200578498	25.246280758855
-7.3634713538782	25.231071725259
-7.3292226499067	25.206747435928
-7.2949739459352	25.182360414288
-7.2607252419637	25.145798992384
-7.2264765379921	25.107068987235
-7.1922278340206	25.064267902406
-7.1579791300491	25.012607295071
-7.1237304260776	24.960672100140
-7.0894817221060	24.900360547955
-7.0552330181345	24.837207194439
-7.0209843141630	24.771840040764
-6.9867356101914	24.699650048801
-6.9524869062199	24.626960221172
-6.9182382022484	24.549988509312
-6.8839894982769	24.470658872410
-6.8497407943053	24.390393255676
-6.8154920903338	24.307105254295
-6.7812433863623	24.223240102248
-6.7469946823908	24.138767229198
-6.7127459784192	24.053733721066
-6.6784972744477	23.968273218209
-6.6442485704762	23.884796621196
-6.6099998665047	23.800880849482
-6.5757511625331	23.719008578719
-6.5415024585616	23.639303797160
-6.5072537545901	23.559293809329
-6.4730050506185	23.485689036453
-6.4387563466470	23.412255266160
-6.4045076426755	23.342159228555
-6.3702589387040	23.277089543026
-6.3360102347324	23.211985348128
-6.3017615307609	23.155236710404
-6.2675128267894	23.099882362518
-6.2332641228179	23.047863645238
-6.1990154188463	23.003009467591
-6.1647667148748	22.958254998891
-6.1305180109033	22.921756804523
-6.0962693069318	22.887776900407
-6.0620206029602	22.856265273060
-6.0277718989887	22.832922364331
-5.9935231950172	22.809654280670
-5.9592744910456	22.793312088353
-5.9250257870741	22.780219514850
-5.8907770831026	22.768457472975
-5.8565283791311	22.764937806641
-5.8222796751595	22.761424414202
-5.7880309711880	22.763169532709
-5.7537822672165	22.768551237392
-5.7195335632450	22.774312031942
-5.6852848592734	22.787932134154
-5.6510361553019	22.801578981879
-5.6167874513304	22.819035298827
-5.5825387473588	22.840328233276
-5.5482900433873	22.861699361699
-5.5140413394158	22.889730207330
-5.4797926354443	22.918213278734
-5.4455439314727	22.949371465732
-5.4112952275012	22.984358875229
-5.3770465235297	23.019564559845
-5.3427978195582	23.059656909230
-5.3085491155866	23.100747652256
-5.2743004116151	23.143545033336
-5.2400517076436	23.189689197237
-5.2058030036721	23.236134380746
-5.1715542997005	23.285572834648
-5.1373055957290	23.336093913344
-5.1030568917575	23.387517519935
-5.0688081877860	23.440963365530
-5.0345594838144	23.494665845633
-5.0003107798429	23.549454473340
-4.9660620758714	23.604737904474
-4.9318133718998	23.660172876048
-4.8975646679283	23.715638913804
-4.8633159639568	23.771219510200
-4.8290672599853	23.825832570512
-4.7948185560137	23.880061092703
-4.7605698520422	23.933759482333
-4.7263211480707	23.985177628820
-4.6920724440992	24.036559111278
-4.6578237401276	24.085102674424
-4.6235750361561	24.132260459873
-4.5893263321846	24.178461089904
-4.5550776282130	24.220191869435
-4.5208289242415	24.261810191097
-4.4865802202700	24.299261620697
-4.4523315162985	24.334420374943
-4.4180828123269	24.368521427617
-4.3838341083554	24.396434825527
-4.3495854043839	24.424261339830
-4.3153367004124	24.447283511646
-4.2810879964408	24.467352408015
-4.2468392924693	24.486553411206
-4.2125905884978	24.498567360760
-4.1783418845263	24.510601038065
-4.1440931805547	24.517864516063
-4.1098444765832	24.521841531063
-4.0755957726117	24.525323530478
-4.0413470686401	24.521380459534
-4.0070983646686	24.517600717512
-3.9728496606971	24.509586226311
-3.9386009567256	24.498279851921
-3.9043522527540	24.486898635740
-3.8701035487825	24.468531081827
-3.8358548448110	24.450452623292
-3.8016061408395	24.428963934359
-3.7673574368679	24.404443749168
-3.7331087328964	24.380198075330
-3.6988600289249	24.349875327581
-3.6646113249534	24.319904517817
-3.6303626209818	24.287416804916
-3.5961139170103	24.252326732309
-3.5618652130388	24.217590954630
-3.5276165090672	24.178198687823
-3.4933678050957	24.139013458496
-3.4591191011242	24.098138295070
-3.4248703971527	24.055195268797
-3.3906216931811	24.012520191825
-3.3563729892096	23.966693243807
-3.3221242852381	23.920859469476
-3.2878755812666	23.874009989448
-3.2536268772950	23.825681154902
-3.2193781733235	23.777447392662
-3.1851294693520	23.727472074548
-3.1508807653805	23.677320345850
-3.1166320614089	23.626707918686
-3.0823833574374	23.575334234561
-3.0481346534659	23.523851135448
-3.0138859494943	23.472002760248
-2.9796372455228	23.419928023979
-2.9453885415513	23.367891803684
-2.9111398375798	23.316016722852
-2.8768911336082	23.263883016964
-2.8426424296367	23.212818824708
-2.8083937256652	23.161698644625
-2.7741450216937	23.111145238270
-2.7398963177221	23.061994753627
-2.7056476137506	23.012565364032
-2.6713989097791	22.965813628767
-2.6371502058076	22.919473849214
-2.6029015018360	22.874331525979
-2.5686527978645	22.832261380786
-2.5344040938930	22.790052020340
-2.5001553899214	22.752140694318
-2.4659066859499	22.715579801897
-2.4316579819784	22.680524340054
-2.3974092780069	22.650971033200
-2.3631605740353	22.621536900229
-2.3289118700638	22.597729276704
-2.2946631660923	22.576798586213
-2.2604144621208	22.557338539471
-2.2261657581492	22.546223318555
-2.1919170541777	22.535464100083
-2.1576683502062	22.531151893308
-2.1234196462347	22.531506149375
-2.0891709422631	22.532781890161
-2.0549222382916	22.545300657991
-2.0206735343201	22.558230522617
-1.9864248303485	22.577665759362
-1.9521761263770	22.603525007204
-1.9179274224055	22.629714167892
-1.8836787184340	22.668467137408
-1.8494300144624	22.707948668203
-1.8151813104909	22.753077331952
-1.7809326065194	22.805982094573
-1.7466839025479	22.858853441632
-1.7124351985763	22.923238048446
-1.6781864946048	22.989068914269
-1.6439377906333	23.058908846858
-1.6096890866617	23.137119311652
-1.5754403826902	23.214767107278
-1.5411916787187	23.301686359725
-1.5069429747472	23.390513223955
-1.4726942707756	23.481332743766
-1.4384455668041	23.580093628317
-1.4041968628326	23.677774468032
-1.3699481588611	23.781707291467
-1.3356994548895	23.887569268416
-1.3014507509180	23.993549097201
-1.2672020469465	24.105840470370
-1.2329533429750	24.216698153636
-1.1987046390034	24.330581471458
-1.1644559350319	24.445792723832
-1.1302072310604	24.559850859399
-1.0959585270889	24.677348183969
-1.0617098231173	24.793297159537
-1.0274611191458	24.909391504947
-0.99321241517427	25.025480858000
-0.95896371120274	25.140073796338
-0.92471500723122	25.254154235976
-0.89046630325969	25.366827867183
-0.85621759928816	25.477557955331
-0.82196889531664	25.586250544005
-0.78772019134511	25.693665116496
-0.75347148737358	25.796763691641
-0.71922278340206	25.898359645535
-0.68497407943053	25.996921202719
-0.65072537545900	26.090880302715
-0.61647667148748	26.183913124123
-0.58222796751595	26.270044571959
-0.54797926354442	26.353972126914
-0.51373055957290	26.434762131186
-0.47948185560137	26.508115829662
-0.44523315162984	26.580939045100
-0.41098444765831	26.645534342176
-0.37673574368679	26.706726329780
-0.34248703971526	26.765473722592
-0.30823833574373	26.814016931073
-0.27398963177221	26.862371938948
-0.23974092780068	26.902324554474
-0.20549222382915	26.937380387263
-0.17124351985763	26.971174498290
-0.13699481588610	26.992365428014
-0.10274611191458	27.013583513960
-0.068497407943049	27.027097302852
-0.034248703971521	27.034181236264
3.5527136788005e-15	27.041337298315
0.034248703971532	27.034181236264
0.068497407943060	27.027097302852
0.10274611191458	27.013583513960
0.13699481588611	26.992365428014
0.17124351985764	26.971174498290
0.20549222382916	26.937380387263
0.23974092780069	26.902324554474
0.27398963177222	26.862371938948
0.30823833574375	26.814016931073
0.34248703971527	26.765473722592
0.37673574368680	26.706726329780
0.41098444765833	26.645534342176
0.44523315162985	26.580939045100
0.47948185560138	26.508115829662
0.51373055957291	26.434762131186
0.54797926354443	26.353972126914
0.58222796751596	26.270044571959
0.61647667148749	26.183913124123
0.65072537545901	26.090880302715
0.68497407943054	25.996921202719
0.71922278340207	25.898359645535
0.75347148737359	25.796763691641
0.78772019134512	25.693665116496
0.82196889531665	25.586250544005
0.85621759928817	25.477557955331
0.89046630325970	25.366827867183
0.92471500723123	25.254154235976
0.95896371120275	25.140073796338
0.99321241517428	25.025480858000
1.0274611191458	24.909391504947
1.0617098231173	24.793297159537
1.0959585270889	24.677348183969
1.1302072310604	24.559850859399
1.1644559350319	24.445792723832
1.1987046390034	24.330581471458
1.2329533429750	24.216698153636
1.2672020469465	24.105840470370
1.3014507509180	23.993549097201
1.3356994548895	23.887569268416
1.3699481588611	23.781707291467
1.4041968628326	23.677774468032
1.4384455668041	23.580093628317
1.4726942707757	23.481332743766
1.5069429747472	23.390513223955
1.5411916787187	23.301686359725
1.5754403826902	23.214767107278
1.6096890866618	23.137119311652
1.6439377906333	23.058908846858
1.6781864946048	22.989068914269
1.7124351985763	22.923238048446
1.7466839025479	22.858853441632
1.7809326065194	22.805982094573
1.8151813104909	22.753077331952
1.8494300144624	22.707948668203
1.8836787184340	22.668467137408
1.9179274224055	22.629714167892
1.9521761263770	22.603525007204
1.9864248303486	22.577665759362
2.0206735343201	22.558230522617
2.0549222382916	22.545300657991
2.0891709422631	22.532781890161
2.1234196462347	22.531506149375
2.1576683502062	22.531151893308
2.1919170541777	22.535464100083
2.2261657581492	22.546223318555
2.2604144621208	22.557338539471
2.2946631660923	22.576798586213
2.3289118700638	22.597729276704
2.3631605740353	22.621536900229
2.3974092780069	22.650971033200
2.4316579819784	22.680524340054
2.4659066859499	22.715579801897
2.5001553899215	22.752140694318
2.5344040938930	22.790052020340
2.5686527978645	22.832261380786
2.6029015018360	22.874331525979
2.6371502058076	22.919473849214
2.6713989097791	22.965813628767
2.7056476137506	23.012565364032
2.7398963177221	23.061994753627
2.7741450216937	23.111145238270
2.8083937256652	23.161698644625
2.8426424296367	23.212818824708
2.8768911336083	23.263883016964
2.9111398375798	23.316016722852
2.9453885415513	23.367891803684
2.9796372455228	23.419928023979
3.0138859494944	23.472002760248
3.0481346534659	23.523851135448
3.0823833574374	23.575334234561
3.1166320614089	23.626707918686
3.1508807653805	23.677320345850
3.1851294693520	23.727472074548
3.2193781733235	23.777447392662
3.2536268772950	23.825681154902
3.2878755812666	23.874009989448
3.3221242852381	23.920859469476
3.3563729892096	23.966693243807
3.3906216931811	24.012520191825
3.4248703971527	24.055195268797
3.4591191011242	24.098138295070
3.4933678050957	24.139013458496
3.5276165090673	24.178198687823
3.5618652130388	24.217590954630
3.5961139170103	24.252326732309
3.6303626209818	24.287416804916
3.6646113249534	24.319904517817
3.6988600289249	24.349875327581
3.7331087328964	24.380198075330
3.7673574368679	24.404443749168
3.8016061408395	24.428963934359
3.8358548448110	24.450452623292
3.8701035487825	24.468531081827
3.9043522527541	24.486898635740
3.9386009567256	24.498279851921
3.9728496606971	24.509586226311
4.0070983646686	24.517600717512
4.0413470686402	24.521380459534
4.0755957726117	24.525323530478
4.1098444765832	24.521841531063
4.1440931805547	24.517864516063
4.1783418845263	24.510601038065
4.2125905884978	24.498567360760
4.2468392924693	24.486553411206
4.2810879964408	24.467352408015
4.3153367004124	24.447283511646
4.3495854043839	24.424261339830
4.3838341083554	24.396434825527
4.4180828123270	24.368521427617
4.4523315162985	24.334420374943
4.4865802202700	24.299261620697
4.5208289242415	24.261810191097
4.5550776282131	24.220191869435
4.5893263321846	24.178461089904
4.6235750361561	24.132260459873
4.6578237401276	24.085102674424
4.6920724440992	24.036559111278
4.7263211480707	23.985177628820
4.7605698520422	23.933759482333
4.7948185560137	23.880061092703
4.8290672599853	23.825832570512
4.8633159639568	23.771219510200
4.8975646679283	23.715638913804
4.9318133718999	23.660172876048
4.9660620758714	23.604737904474
5.0003107798429	23.549454473340
5.0345594838144	23.494665845633
5.0688081877860	23.440963365530
5.1030568917575	23.387517519935
5.1373055957290	23.336093913344
5.1715542997005	23.285572834648
5.2058030036721	23.236134380746
5.2400517076436	23.189689197237
5.2743004116151	23.143545033336
5.3085491155866	23.100747652256
5.3427978195582	23.059656909230
5.3770465235297	23.019564559845
5.4112952275012	22.984358875229
5.4455439314728	22.949371465732
5.4797926354443	22.918213278734
5.5140413394158	22.889730207330
5.5482900433873	22.861699361699
5.5825387473589	22.840328233276
5.6167874513304	22.819035298827
5.6510361553019	22.801578981879
5.6852848592734	22.787932134154
5.7195335632450	22.774312031942
5.7537822672165	22.768551237392
5.7880309711880	22.763169532709
5.8222796751595	22.761424414202
5.8565283791311	22.764937806641
5.8907770831026	22.768457472975
5.9250257870741	22.780219514850
5.9592744910457	22.793312088353
5.9935231950172	22.809654280670
6.0277718989887	22.832922364331
6.0620206029602	22.856265273060
6.0962693069318	22.887776900407
6.1305180109033	22.921756804523
6.1647667148748	22.958254998891
6.1990154188463	23.003009467591
6.2332641228179	23.047863645238
6.2675128267894	23.099882362518
6.3017615307609	23.155236710404
6.3360102347324	23.211985348128
6.3702589387040	23.277089543026
6.4045076426755	23.342159228555
6.4387563466470	23.412255266160
6.4730050506186	23.485689036453
6.5072537545901	23.559293809329
6.5415024585616	23.639303797160
6.5757511625331	23.719008578719
6.6099998665047	23.800880849482
6.6442485704762	23.884796621196
6.6784972744477	23.968273218209
6.7127459784192	24.053733721066
6.7469946823908	24.138767229198
6.7812433863623	24.223240102248
6.8154920903338	24.307105254295
6.8497407943053	24.390393255676
6.8839894982769	24.470658872410
6.9182382022484	24.549988509312
6.9524869062199	24.626960221172
6.9867356101915	24.699650048801
7.0209843141630	24.771840040764
7.0552330181345	24.837207194439
7.0894817221060	24.900360547955
7.1237304260776	24.960672100140
7.1579791300491	25.012607295071
7.1922278340206	25.064267902406
7.2264765379921	25.107068987235
7.2607252419637	25.145798992384
7.2949739459352	25.182360414288
7.3292226499067	25.206747435928
7.3634713538782	25.231071725259
7.3977200578498	25.246280758855
7.4319687618213	25.255381970433
7.4662174657928	25.263645675183
7.5004661697644	25.257026800178
7.5347148737359	25.250403966337
7.5689635777074	25.235795943616
7.6032122816789	25.213407353020
7.6374609856505	25.190962847354
7.6717096896220	25.153809781875
7.7059583935935	25.115930143463
7.7402070975650	25.071982661125
7.7744558015366	25.019532078050
7.8087045055081	24.966770707184
7.8429532094796	24.902691305275
7.8772019134512	24.836488269131
7.9114506174227	24.766358042806
7.9456993213942	24.688389158913
7.9799480253657	24.609729683720
8.0141967293373	24.523885471678
8.0484454333088	24.435294404941
8.0826941372803	24.344509425159
8.1169428412518	24.248301887900
8.1511915452234	24.151038561317
8.1854402491949	24.050671500900
8.2196889531664	23.948188331320
8.2539376571379	23.844504093770
8.2881863611095	23.739524552809
8.3224350650810	23.633297986238
8.3566837690525	23.527443967246
8.3909324730241	23.421520113895
8.4251811769956	23.314541885867
8.4594298809671	23.211775495285
8.4936785849386	23.107845894756
8.5279272889102	23.006835363434
8.5621759928817	22.909068490867
8.5964246968532	22.810279191315
8.6306734008247	22.720835006827
8.6649221047963	22.631236911112
8.6991708087678	22.546061220346
8.7334195127393	22.468344106977
8.7676682167108	22.390071787435
8.8019169206824	22.324348293675
8.8361656246539	22.260711159911
8.8704143286254	22.201921081118
8.9046630325970	22.155126386316
8.9389117365685	22.108273512117
8.9731604405400	22.075466040225
9.0074091445115	22.047455434830
9.0416578484831	22.023574593960
9.0759065524546	22.015686658926
9.1101552564261	22.007997109589
9.1444039603976	22.013876847333
9.1786526643692	22.026987821414
9.2129013683407	22.042456916819
9.2471500723122	22.076317117119
9.2813987762837	22.110204473818
9.3156474802553	22.155235769648
9.3498961842268	22.208875973052
9.3841448881983	22.262519258978
9.4183935921698	22.334320499643
9.4526422961414	22.405613890856
9.4868910001129	22.484197037935
9.5211397040844	22.571054377864
9.5553884080560	22.657089799708
9.5896371120275	22.755430115657
9.6238858159990	22.853872813300
9.6581345199705	22.955449106868
9.6923832239421	23.063012792572
9.7266319279136	23.169265028698
9.7608806318851	23.280893770003
9.7951293358566	23.392549955774
9.8293780398282	23.504056265612
9.8636267437997	23.617496724549
9.8978754477712	23.729499254526
9.9321241517428	23.840853892622
9.9663728557143	23.951133592402
10.000621559686	24.059646318564
10.034870263657	24.164892414310
10.069118967629	24.268975191011
10.103367671600	24.368331044781
10.137616375572	24.464615105572
10.171865079543	24.559281750976
10.206113783515	24.645255068329
10.240362487486	24.730595862270
10.274611191458	24.809145970989
10.308859895430	24.882460703906
10.343108599401	24.954924473015
10.377357303373	25.014727187553
10.411606007344	25.074462408797
10.445854711316	25.126722679856
10.480103415287	25.172200930583
10.514352119259	25.217848115548
10.548600823230	25.248626211525
10.582849527202	25.279709909088
10.617098231173	25.303820192953
10.651346935145	25.320272740353
10.685595639116	25.337227056953
10.719844343088	25.340125633302
10.754093047059	25.342881433173
10.788341751031	25.339872066873
10.822590455002	25.329083067597
10.856839158974	25.318892092791
10.891087862946	25.296765855222
10.925336566917	25.273946706527
10.959585270889	25.246814048959
10.993833974860	25.212483697801
11.028082678832	25.178607838003
11.062331382803	25.135486430365
11.096580086775	25.091184084521
11.130828790746	25.043860210478
11.165077494718	24.990382126933
11.199326198689	24.937027095570
11.233574902661	24.877071051119
11.267823606632	24.815599241550
11.302072310604	24.752061152691
11.336321014575	24.683713216790
11.370569718547	24.615056053319
11.404818422518	24.542134026019
11.439067126490	24.467604860024
11.473315830461	24.391653104379
11.507564534433	24.312498014796
11.541813238405	24.232654109095
11.576061942376	24.150671743859
11.610310646348	24.067399014735
11.644559350319	23.983246699123
11.678808054291	23.898010015388
11.713056758262	23.811958907701
11.747305462234	23.725990514897
11.781554166205	23.639690223278
11.815802870177	23.553173971669
11.850051574148	23.468519197882
11.884300278120	23.383356582026
11.918548982091	23.300814025941
11.952797686063	23.219708449870
11.987046390034	23.139280865661
12.021295094006	23.064560277855
12.055543797977	22.990103847239
12.089792501949	22.920967083363
12.124041205920	22.855715580989
12.158289909892	22.792071435051
12.192538613864	22.738286959888
12.226787317835	22.685713082544
12.261036021807	22.640622617400
12.295284725778	22.601831348317
12.329533429750	22.565155983281
12.363782133721	22.541532753759
12.398030837693	22.519699658387
12.432279541664	22.506127694524
12.466528245636	22.500264872829
12.500776949607	22.496200720100
12.535025653579	22.506194009637
12.569274357550	22.517780170450
12.603523061522	22.536088522074
12.637771765493	22.562359499944
12.672020469465	22.589845098429
12.706269173436	22.627863287940
12.740517877408	22.668029200479
12.774766581379	22.711851226689
12.809015285351	22.762603594004
12.843263989323	22.813651274529
12.877512693294	22.870670621493
12.911761397266	22.929572597684
12.946010101237	22.989452957879
12.980258805209	23.053869063939
13.014507509180	23.117912078588
13.048756213152	23.184029662272
13.083004917123	23.251155142749
13.117253621095	23.317892964270
13.151502325066	23.386085362775
13.185751029038	23.453760996031
13.219999733009	23.521073520760
13.254248436981	23.588105701344
13.288497140952	23.654734769810
13.322745844924	23.719724121390
13.356994548895	23.784408514389
13.391243252867	23.847816834714
13.425491956838	23.909355301602
13.459740660810	23.970937656528
13.493989364782	24.029180571219
13.528238068753	24.086902605596
13.562486772725	24.143618925936
13.596735476696	24.196668582098
13.630984180668	24.250317324496
13.665232884639	24.300186394641
13.699481588611	24.348791111782
13.733730292582	24.397389478714
13.767978996554	24.440423978275
13.802227700525	24.484511905934
13.836476404497	24.525227518778
13.870725108468	24.563520623020
13.904973812440	24.602998673531
13.939222516411	24.635274446241
13.973471220383	24.668727091526
14.007719924354	24.699678992678
14.041968628326	24.726810594445
14.076217332297	24.755240538326
14.110466036269	24.777135664211
14.144714740241	24.799028103809
14.178963444212	24.819460921550
14.213212148184	24.834671318981
14.247460852155	24.851044678059
14.281709556127	24.861925799335
14.315958260098	24.871432244165
14.350206964070	24.880462316058
14.384455668041	24.883118789064
14.418704372013	24.886616958286
14.452953075984	24.885831871224
14.487201779956	24.882406222297
14.521450483927	24.879281628504
14.555699187899	24.869143733133
14.589947891870	24.859443590074
14.624196595842	24.846668533098
14.658445299813	24.830382462230
14.692694003785	24.814340881828
14.726942707756	24.792519377549
14.761191411728	24.770236075688
14.795440115700	24.745510383021
14.829688819671	24.717596062448
14.863937523643	24.689634949044
14.898186227614	24.656846821754
14.932434931586	24.623779802395
14.966683635557	24.588541984407
15.000932339529	24.551066556336
15.035181043500	24.513382103812
15.069429747472	24.472269093663
15.103678451443	24.431051678515
15.137927155415	24.388313099356
15.172175859386	24.344365677514
15.206424563358	24.300279185916
15.240673267329	24.254458621432
15.274921971301	24.208795128709
15.309170675272	24.162503882208
15.343419379244	24.115993306429
15.377668083216	24.069740782211
15.411916787187	24.023197052372
15.446165491159	23.977245557452
15.480414195130	23.931602930954
15.514662899102	23.886581527681
15.548911603073	23.842355964079
15.583160307045	23.798863278626
15.617409011016	23.756421992736
15.651657714988	23.714961278377
15.685906418959	23.674658192062
15.720155122931	23.635568151385
15.754403826902	23.597651171585
15.788652530874	23.561094282659
15.822901234845	23.525722041990
15.857149938817	23.491678639617
15.891398642788	23.458941875280
15.925647346760	23.427276434809
15.959896050731	23.397002448536
15.994144754703	23.367574192841
16.028393458675	23.339303887457
16.062642162646	23.312039918758
16.096890866618	23.285351597512
16.131139570589	23.259803583586
16.165388274561	23.234373189087
16.199636978532	23.209712744639
16.233885682504	23.185481777958
16.268134386475	23.161184728238
16.302383090447	23.137597294677
16.336631794418	23.113323718703
16.370880498390	23.089386519133
16.405129202361	23.065271477136
16.439377906333	23.040608835049
16.473626610304	23.016206243138
16.507875314276	22.990617271435
16.542124018247	22.965046674454
16.576372722219	22.938937452647
16.610621426190	22.912155700535
16.644870130162	22.885322927937
16.679118834134	22.857525612302
16.713367538105	22.829638481921
16.747616242077	22.801452300165
16.781864946048	22.773021370515
16.816113650020	22.744554090702
16.850362353991	22.716331816165
16.884611057963	22.688176903196
16.918859761934	22.660756722767
16.953108465906	22.633972186000
16.987357169877	22.607782349488
17.021605873849	22.583626609534
17.055854577820	22.560016072923
17.090103281792	22.539093673742
17.124351985763	22.519850964710
17.158600689735	22.502476665789
17.192849393706	22.489089487124
17.227098097678	22.476879221300
17.261346801649	22.469794350807
17.295595505621	22.465120001889
17.329844209593	22.463838496497
17.364092913564	22.467850983321
17.398341617536	22.473489787495
17.432590321507	22.486315143970
17.466839025479	22.501529751770
17.501087729450	22.521247860401
17.535336433422	22.546327667343
17.569585137393	22.572994620550
17.603833841365	22.607614311303
17.638082545336	22.643774837427
17.672331249308	22.684572077927
17.706579953279	22.729544871359
17.740828657251	22.775930202882
17.775077361222	22.828702969869
17.809326065194	22.882146612613
17.843574769165	22.939369447017
17.877823473137	22.998980100118
17.912072177108	23.059543195297
17.946320881080	23.123981113870
17.980569585052	23.188361431089
18.014818289023	23.255173564131
18.049066992995	23.322796558072
18.083315696966	23.390779126501
18.117564400938	23.460487651548
18.151813104909	23.529703845213
18.186061808881	23.600021042195
18.220310512852	23.670217888315
18.254559216824	23.740294490841
18.288807920795	23.810716821066
18.323056624767	23.880584302878
18.357305328738	23.950525497097
18.391554032710	24.020080122835
18.425802736681	24.089206640074
18.460051440653	24.158011777075
18.494300144624	24.226479925152
18.528548848596	24.294185154986
18.562797552567	24.361687981700
18.597046256539	24.428443716721
18.631294960511	24.494598519212
18.665543664482	24.560738882204
18.699792368454	24.625161496700
18.734041072425	24.689689065850
18.768289776397	24.753258200778
18.802538480368	24.815704092150
18.836787184340	24.878433436396
18.871035888311	24.938527387991
18.905284592283	24.998735539973
18.939533296254	25.057793156956
18.973782000226	25.114817627112
19.008030704197	25.172307977918
19.042279408169	25.226175605158
19.076528112140	25.279835579848
19.110776816112	25.332204481863
19.145025520083	25.381281163681
19.179274224055	25.430874223196
19.213522928026	25.475974046757
19.247771631998	25.520235969724
19.282020335970	25.563186916750
19.316269039941	25.601413111602
19.350517743913	25.640099991020
19.384766447884	25.673757658224
19.419015151856	25.705766330021
19.453263855827	25.736625902091
19.487512559799	25.761476739424
19.521761263770	25.786663996703
19.556009967742	25.806761168679
19.590258671713	25.824394443274
19.624507375685	25.841189754160
19.658756079656	25.851116848533
19.693004783628	25.861221433584
19.727253487599	25.866662383494
19.761502191571	25.869031261947
19.795750895542	25.870949025680
19.829999599514	25.865813087554
19.864248303486	25.860711394387
19.898497007457	25.851761142309
19.932745711429	25.839515416017
19.966994415400	25.827188395476
20.001243119372	25.808388410241
20.035491823343	25.789553605646
20.069740527315	25.767917389234
20.103989231286	25.743249590729
20.138237935258	25.718559765940
20.172486639229	25.689185962832
20.206735343201	25.659589762360
20.240984047172	25.628329230549
20.275232751144	25.594797483713
20.309481455115	25.561390755684
20.343730159087	25.524965109328
20.377978863058	25.488692435678
20.412227567030	25.451331303323
20.446476271001	25.413107408715
20.480724974973	25.375149398567
20.514973678945	25.335788514461
20.549222382916	25.297024505673
20.583471086888	25.257877882984
20.617719790859	25.218884122142
20.651968494831	25.180456548963
20.686217198802	25.141841719581
20.720465902774	25.104200716021
20.754714606745	25.066750826797
20.788963310717	25.030114033333
20.823212014688	24.994341958229
20.857460718660	24.959044593737
20.891709422631	24.925024663167
20.925958126603	24.891510855781
20.960206830574	24.859192158653
20.994455534546	24.827923627811
21.028704238517	24.797510697217
21.062952942489	24.768519690675
21.097201646460	24.740298434524
21.131450350432	24.713439857978
21.165699054404	24.687811273151
21.199947758375	24.663342529013
21.234196462347	24.640241893462
21.268445166318	24.618490596894
21.302693870290	24.597998894692
21.336942574261	24.579133146485
21.371191278233	24.561660692711
21.405439982204	24.545516552612
21.439688686176	24.531557493124
21.473937390147	24.518563224639
21.508186094119	24.507979267125
21.542434798090	24.498828747331
21.576683502062	24.491185157435
21.610932206033	24.486379861282
21.645180910005	24.482167495998
21.679429613976	24.481369972772
21.713678317948	24.481697025144
21.747927021919	24.483738843168
21.782175725891	24.488807883529
21.816424429863	24.494119409667
21.850673133834	24.503237618626
21.884921837806	24.513123567014
21.919170541777	24.524614794515
21.953419245749	24.538721794865
21.987667949720	24.552842702909
22.021916653692	24.570048233919
22.056165357663	24.587600722572
22.090414061635	24.606117064226
22.124662765606	24.626021116926
22.158911469578	24.645889864761
22.193160173549	24.666593258293
22.227408877521	24.687359772616
22.261657581492	24.707668421619
22.295906285464	24.727483337473
22.330154989435	24.747371758600
22.364403693407	24.764122759646
22.398652397378	24.780967432635
22.432901101350	24.795031154993
22.467149805322	24.806397978528
22.501398509293	24.817817030113
22.535647213265	24.821094803361
22.569895917236	24.824702149149
22.604144621208	24.822405723813
22.638393325179	24.815274036918
22.672642029151	24.807553765814
22.706890733122	24.786984229762
22.741139437094	24.766762146566
22.775388141065	24.737009156261
22.809636845037	24.700645972564
22.843885549008	24.662407718396
22.878134252980	24.607406517372
22.912382956951	24.552446662865
22.946631660923	24.484466268676
22.980880364894	24.408323182306
23.015129068866	24.328913104308
23.049377772837	24.229585265469
23.083626476809	24.129440822814
23.117875180781	24.013491464309
23.152123884752	23.887862553165
23.186372588724	23.757103480608
23.220621292695	23.604632383629
23.254869996667	23.449682387044
23.289118700638	23.276963021350
23.323367404610	23.093099643885
23.357616108581	22.901739771398
23.391864812553	22.688268164234
23.426113516524	22.469571005629
23.460362220496	22.232114126965
23.494610924467	21.981833294592
23.528859628439	21.721113638303
23.563108332410	21.439176862379
23.597357036382	21.147850351850
23.631605740353	20.837924741533
23.665854444325	20.512892149121
23.700103148296	20.173782028376
23.734351852268	19.815483376780
23.768600556240	19.441777197091
23.802849260211	19.051018382023
23.837097964183	18.641748332940
23.871346668154	18.214089659393
23.905595372126	17.770038408154
23.939844076097	17.302069038260
23.974092780069	16.820832436530
24.008341484040	16.315300974871
24.042590188012	15.787179779238
24.076838891983	15.245210215458
24.111087595955	14.667335018079
24.145336299926	14.084078643380
24.179585003898	13.466410595498
24.213833707869	12.822874034379
24.248082411841	12.167220756575
24.282331115812	11.458909386020
24.316579819784	10.760286165656
24.350828523756	10.010966064998
24.385077227727	9.2350947403113
24.419325931699	8.4482724957606
24.453574635670	7.5865628174901
24.487823339642	6.7621281675685
24.522072043613	5.8639263333336
24.556320747585	4.9604594574781
24.590569451556	4.0397541468056
24.624818155528	3.0558072857470
24.659066859499	2.1370882466816
24.693315563471	1.1314584998037
24.727564267442	0.20987463345852
24.761812971414	-0.73156642600388
24.796061675385	-1.6470904768764
24.830310379357	-2.4629474457724
24.864559083328	-3.3065605601745
24.898807787300	-3.9421338570504
24.933056491271	-4.5757073874810
24.967305195243	-4.8382850065779
25.001553899215	-5.0971834370938
