#Parameters = {BeamSourceOriginX=0; BeamSourceOriginY=0; BeamSourceOriginZ=115.79674639889; D=50.003107798429; PML_offset=0; R=61.548; alpha=90; angle_20dB=11.769; beam_f=-234.79674639889; beam_w=1.94; f=120; n=1.5129; phi=0; source_dist=115.79674639889; th=5.3067463988873; th2=8; theta=0}
#"X / mm"	"e-field (f=120) (fsGBMacro_3331027.311nm(1,0),(0.0))_Y (X) [Re]"	"e-field (f=120) (fsGBMacro_3331027.311nm(1,0),(0.0))_Y (X) [Im]"
#--------------------------------------------------------------------------------------------------------------------------------------------
-25.001553899214	-16.990617752075	-32.071716308594
-24.967305195243	-18.090415954590	-27.845550537109
-24.933056491271	-19.190298080444	-23.619083404541
-24.898807787300	-20.331132888794	-19.263439178467
-24.864559083328	-21.471996307373	-14.907667160034
-24.830310379357	-22.640312194824	-10.421175003052
-24.796061675385	-23.808628082275	-5.9346828460693
-24.761812971414	-24.975868225098	-1.3701992034912
-24.727564267442	-26.142316818237	3.2436587810516
-24.693315563471	-27.299383163452	7.8819513320923
-24.659066859499	-28.423126220703	12.607023239136
-24.624818155528	-29.546867370605	17.332098007202
-24.590569451556	-30.594783782959	22.135255813599
-24.556320747585	-31.626989364624	26.954195022583
-24.522072043613	-32.594715118408	31.806079864502
-24.487823339642	-33.479835510254	36.700168609619
-24.453574635670	-34.354873657227	41.596908569336
-24.419325931699	-35.028770446777	46.546474456787
-24.385077227727	-35.702705383301	51.496318817139
-24.350828523755	-36.213722229004	56.464309692383
-24.316579819784	-36.604686737061	61.445877075195
-24.282331115812	-36.959144592285	66.427856445312
-24.248082411841	-36.997867584229	71.413322448730
-24.213833707869	-37.036590576172	76.399070739746
-24.179585003898	-36.810195922852	81.367088317871
-24.145336299926	-36.429157257080	86.324928283691
-24.111087595955	-35.971065521240	91.272583007812
-24.076838891983	-35.106929779053	96.166542053223
-24.042590188012	-34.242797851562	101.06050872803
-24.008341484040	-33.007911682129	105.88238525391
-23.974092780069	-31.604539871216	110.67108917236
-23.939844076097	-30.075071334839	115.42710113525
-23.905595372126	-28.086183547974	120.06402587891
-23.871346668154	-26.097295761108	124.70094299316
-23.837097964183	-23.647712707520	129.18652343750
-23.802849260211	-21.039234161377	133.61950683594
-23.768600556240	-18.256870269775	137.98155212402
-23.734351852268	-15.007387161255	142.15306091309
-23.700103148296	-11.757905960083	146.32456970215
-23.665854444325	-8.0026035308838	150.24266052246
-23.631605740353	-4.1064519882202	154.08976745605
-23.597357036382	-0.025655746459961	157.82284545898
-23.563108332410	4.5016551017761	161.28021240234
-23.528859628439	9.0289649963379	164.73757934570
-23.494610924467	14.035898208618	167.82864379883
-23.460362220496	19.160686492920	170.83009338379
-23.426113516524	24.455909729004	173.66746520996
-23.391864812553	30.124515533447	176.14636230469
-23.357616108581	35.793121337891	178.62527465820
-23.323367404610	41.850830078125	180.62124633789
-23.289118700638	47.991756439209	182.51446533203
-23.254869996667	54.260719299316	184.19186401367
-23.220621292695	60.784465789795	185.44114685059
-23.186372588724	67.308212280273	186.69042968750
-23.152123884752	74.067016601562	187.35290527344
-23.117875180781	80.868721008301	187.90827941895
-23.083626476809	87.728065490723	188.20246887207
-23.049377772837	94.690490722656	188.02473449707
-23.015129068866	101.65291595459	187.84698486328
-22.980880364894	108.64450073242	187.01094055176
-22.946631660923	115.64056396484	186.07380676270
-22.912382956951	122.59928894043	184.84588623047
-22.878134252980	129.49543762207	183.13873291016
-22.843885549008	136.39157104492	181.43159484863
-22.809636845037	143.08039855957	179.04821777344
-22.775388141065	149.74311828613	176.57968139648
-22.741139437094	156.25651550293	173.80978393555
-22.706890733122	162.55570983887	170.60661315918
-22.672642029151	168.85456848145	167.40364074707
-22.638393325179	174.69912719727	163.55650329590
-22.604144621208	180.51081848145	159.66276550293
-22.569895917236	186.05023193359	155.48364257812
-22.535647213265	191.26333618164	150.96200561523
-22.501398509293	196.47615051270	146.44061279297
-22.467149805322	201.01022338867	141.38513183594
-22.432901101350	205.52821350098	136.31698608398
-22.398652397378	209.66145324707	131.02432250977
-22.364403693407	213.40858459473	125.50592041016
-22.330154989435	217.13801574707	119.98063659668
-22.295906285464	220.06022644043	114.12385559082
-22.261657581492	222.98245239258	108.26708221436
-22.227408877521	225.44102478027	102.29222106934
-22.193160173549	227.50987243652	96.218116760254
-22.158911469578	229.52279663086	90.137878417969
-22.124662765606	230.73646545410	83.975433349609
-22.090414061635	231.95013427734	77.812980651855
-22.056165357663	232.67576599121	71.676177978516
-22.021916653692	233.05902099609	65.557357788086
-21.987667949720	233.35668945312	59.457275390625
-21.953419245749	232.96070861816	53.512054443359
-21.919170541777	232.56474304199	47.566833496094
-21.884921837806	231.72425842285	41.810134887695
-21.850673133834	230.62501525879	36.163192749023
-21.816424429863	229.43234252930	30.579849243164
-21.782175725891	227.72718811035	25.345060348511
-21.747927021919	226.02214050293	20.110565185547
-21.713678317948	223.98565673828	15.222354888916
-21.679429613976	221.79058837891	10.499832153320
-21.645180910005	219.52429199219	5.8944606781006
-21.610932206033	216.97032165527	1.7617645263672
-21.576683502062	214.41647338867	-2.3707008361816
-21.542434798090	211.69569396973	-6.0186896324158
-21.508186094119	208.91944885254	-9.5056657791138
-21.473937390147	206.11714172363	-12.786365509033
-21.439688686176	203.25476074219	-15.591474533081
-21.405439982204	200.39221191406	-18.396739959717
-21.371191278233	197.56997680664	-20.608327865601
-21.336942574261	194.75459289551	-22.718881607056
-21.302693870290	192.00895690918	-24.552038192749
-21.268445166318	189.36517333984	-25.980178833008
-21.234196462347	186.72123718262	-27.408397674561
-21.199947758375	184.34796142578	-28.217048645020
-21.165699054404	181.98638916016	-28.998886108398
-21.131450350432	179.81584167480	-29.480562210083
-21.097201646460	177.82847595215	-29.674392700195
-21.062952942489	175.86872863770	-29.836425781250
-21.028704238517	174.32470703125	-29.521686553955
-20.994455534546	172.78068542480	-29.206947326660
-20.960206830574	171.53605651855	-28.638761520386
-20.925958126603	170.47923278809	-27.911581039429
-20.891709422631	169.50631713867	-27.134107589722
-20.857460718660	168.95349121094	-26.104759216309
-20.823212014688	168.40069580078	-25.075466156006
-20.788963310717	168.20207214355	-23.915025711060
-20.754714606745	168.14224243164	-22.703197479248
-20.720465902774	168.20549011230	-21.475717544556
-20.686217198802	168.60079956055	-20.205942153931
-20.651968494831	168.99609375000	-18.936237335205
-20.617719790859	169.71423339844	-17.721389770508
-20.583471086888	170.50207519531	-16.518384933472
-20.549222382916	171.40533447266	-15.385269165039
-20.514973678945	172.50143432617	-14.368924140930
-20.480724974973	173.59759521484	-13.352522850037
-20.446476271001	174.88533020020	-12.611453056335
-20.412227567030	176.18827819824	-11.892243385315
-20.377978863058	177.53590393066	-11.361535072327
-20.343730159087	178.93223571777	-11.036358833313
-20.309481455115	180.32783508301	-10.725589752197
-20.275232751144	181.69747924805	-10.873969078064
-20.240984047172	183.06710815430	-11.022348403931
-20.206735343201	184.34985351562	-11.486129760742
-20.172486639229	185.57028198242	-12.176042556763
-20.138237935258	186.77665710449	-12.896364212036
-20.103989231286	187.72306823730	-14.175214767456
-20.069740527315	188.66947937012	-15.454064369202
-20.035491823343	189.41642761230	-17.045534133911
-20.001243119372	189.97973632812	-18.924812316895
-19.966994415400	190.54306030273	-20.804092407227
-19.932745711429	190.63772583008	-23.262111663818
-19.898497007457	190.72753906250	-25.725986480713
-19.864248303485	190.56964111328	-28.438823699951
-19.829999599514	190.11964416504	-31.445220947266
-19.795750895542	189.66964721680	-34.451618194580
-19.761502191571	188.68284606934	-37.899265289307
-19.727253487599	187.65446472168	-41.380943298340
-19.693004783628	186.39286804199	-45.016082763672
-19.658756079656	184.77723693848	-48.884170532227
-19.624507375685	183.16162109375	-52.752258300781
-19.590258671713	181.05638122559	-56.862277984619
-19.556009967742	178.87541198730	-61.009887695312
-19.521761263770	176.52218627930	-65.210350036621
-19.487512559799	173.82737731934	-69.516014099121
-19.453263855827	171.13256835938	-73.821670532227
-19.419015151856	168.08807373047	-78.151176452637
-19.384766447884	164.95843505859	-82.486717224121
-19.350517743913	161.73805236816	-86.793876647949
-19.316269039941	158.27638244629	-91.026367187500
-19.282020335970	154.81472778320	-95.258857727051
-19.247771631998	151.19616699219	-99.318977355957
-19.213522928026	147.52325439453	-103.31939697266
-19.179274224055	143.83372497559	-107.24526977539
-19.145025520083	140.08329772949	-110.89281463623
-19.110776816112	136.33288574219	-114.54035949707
-19.076528112140	132.62504577637	-117.87461090088
-19.042279408169	128.93717956543	-121.06210327148
-19.008030704197	125.27938842773	-124.16734313965
-18.973782000226	121.79324340820	-126.80585479736
-18.939533296254	118.30709838867	-129.44436645508
-18.905284592283	115.02758789062	-131.70152282715
-18.871035888311	111.87513732910	-133.72418212891
-18.836787184340	108.76246643066	-135.68884277344
-18.802538480368	106.06213378906	-137.05406188965
-18.768289776397	103.36180877686	-138.41929626465
-18.734041072425	100.96889495850	-139.40989685059
-18.699792368454	98.820007324219	-140.10313415527
-18.665543664482	96.687774658203	-140.77886962891
-18.631294960511	95.165672302246	-140.81306457520
-18.597046256539	93.643646240234	-140.84725952148
-18.562797552567	92.451393127441	-140.57922363281
-18.528548848596	91.594619750977	-140.00375366211
-18.494300144624	90.764633178711	-139.40684509277
-18.460051440653	90.581665039062	-138.29258728027
-18.425802736681	90.398704528809	-137.17837524414
-18.391554032710	90.603752136230	-135.79750061035
-18.357305328738	91.085342407227	-134.22659301758
-18.323056624767	91.647361755371	-132.61003112793
-18.288807920795	92.757720947266	-130.68231201172
-18.254559216824	93.868141174316	-128.75448608398
-18.220310512852	95.359809875488	-126.66300201416
-18.186061808881	97.037574768066	-124.49160766602
-18.151813104909	98.819847106934	-122.29396820068
-18.117564400938	100.98125457764	-120.00114440918
-18.083315696966	103.14276885986	-117.70819091797
-18.049066992995	105.59337615967	-115.41863250732
-18.014818289023	108.13521575928	-113.13010406494
-17.980569585052	110.75688934326	-110.88086700439
-17.946320881080	113.56113433838	-108.72149658203
-17.912072177108	116.36552429199	-106.56201171875
-17.877823473137	119.28382873535	-104.61313629150
-17.843574769165	122.22251129150	-102.70189666748
-17.809326065194	125.16156005859	-100.93029022217
-17.775077361222	128.10115051270	-99.374885559082
-17.740828657251	131.04074096680	-97.819480895996
-17.706579953279	133.85653686523	-96.684471130371
-17.672331249308	136.66377258301	-95.578048706055
-17.638082545336	139.34564208984	-94.723129272461
-17.603833841365	141.89201354980	-94.140052795410
-17.569585137393	144.42906188965	-93.571136474609
-17.535336433422	146.59614562988	-93.564605712891
-17.501087729450	148.76310729980	-93.558074951172
-17.466839025479	150.65473937988	-93.896507263184
-17.432590321507	152.33755493164	-94.496597290039
-17.398341617536	153.95596313477	-95.165710449219
-17.364092913564	155.06747436523	-96.378173828125
-17.329844209593	156.17904663086	-97.590713500977
-17.295595505621	156.87176513672	-99.193626403809
-17.261346801649	157.34567260742	-101.00053405762
-17.227098097678	157.68269348145	-102.91860198975
-17.192849393706	157.47515869141	-105.27890014648
-17.158600689735	157.26760864258	-107.63932800293
-17.124351985763	156.53796386719	-110.36560058594
-17.090103281792	155.62957763672	-113.21714019775
-17.055854577820	154.52011108398	-116.18743133545
-17.021605873849	152.91598510742	-119.44980621338
-16.987357169877	151.31187438965	-122.71218109131
-16.953108465906	149.15229797363	-126.23741912842
-16.918859761934	146.88160705566	-129.81509399414
-16.884611057963	144.37919616699	-133.47142028809
-16.850362353991	141.49421691895	-137.25761413574
-16.816113650020	138.60923767090	-141.04382324219
-16.781864946048	135.22561645508	-144.91766357422
-16.747616242077	131.79959106445	-148.79875183105
-16.713367538105	128.16361999512	-152.66990661621
-16.679118834134	124.28643798828	-156.52964782715
-16.644870130162	120.40926361084	-160.38938903809
-16.610621426190	116.19037628174	-164.11264038086
-16.576372722219	111.96864318848	-167.83444213867
-16.542124018247	107.63050842285	-171.42808532715
-16.507875314276	103.18353271484	-174.90191650391
-16.473626610304	98.732368469238	-178.36093139648
-16.439377906333	94.186988830566	-181.48669433594
-16.405129202361	89.641365051270	-184.61264038086
-16.370880498390	85.113464355469	-187.49131774902
-16.336631794418	80.598846435547	-190.18231201172
-16.302383090447	76.099075317383	-192.82582092285
-16.268134386475	71.742248535156	-195.01196289062
-16.233885682504	67.385177612305	-197.19822692871
-16.199636978532	63.200714111328	-199.03948974609
-16.165388274561	59.121952056885	-200.66925048828
-16.131139570589	55.099609375000	-202.21343994141
-16.096890866618	51.408412933350	-203.25556945801
-16.062642162646	47.717216491699	-204.29769897461
-16.028393458675	44.348937988281	-204.93849182129
-15.994144754703	41.139072418213	-205.38270568848
-15.959896050731	38.039024353027	-205.71113586426
-15.925647346760	35.386413574219	-205.56784057617
-15.891398642788	32.733730316162	-205.42453002930
-15.857149938817	30.522829055786	-204.87907409668
-15.822901234845	28.481273651123	-204.17935180664
-15.788652530874	26.599359512329	-203.35363769531
-15.754403826902	25.199918746948	-202.14692687988
-15.720155122931	23.800439834595	-200.94017028809
-15.685906418959	22.903064727783	-199.39236450195
-15.651657714988	22.152027130127	-197.74511718750
-15.617409011016	21.589906692505	-195.98982238770
-15.583160307045	21.468582153320	-193.98257446289
-15.548911603073	21.347257614136	-191.97534179688
-15.514662899102	21.710863113403	-189.74644470215
-15.480414195130	22.176769256592	-187.47087097168
-15.446165491159	22.826320648193	-185.13587951660
-15.411916787187	23.814569473267	-182.69149780273
-15.377668083215	24.802820205688	-180.24713134766
-15.343419379244	26.175117492676	-177.74554443359
-15.309170675272	27.601104736328	-175.23603820801
-15.274921971301	29.162738800049	-172.74223327637
-15.240673267329	30.925359725952	-170.27162170410
-15.206424563358	32.687931060791	-167.80108642578
-15.172175859386	34.658195495605	-165.46051025391
-15.137927155415	36.644336700439	-163.12997436523
-15.103678451443	38.677005767822	-160.90586853027
-15.069429747472	40.765579223633	-158.80941772461
-15.035181043500	42.854095458984	-156.71302795410
-15.000932339529	44.922115325928	-154.92871093750
-14.966683635557	46.989780426025	-153.15063476562
-14.932434931586	48.985324859619	-151.56956481934
-14.898186227614	50.910514831543	-150.18080139160
-14.863937523643	52.827625274658	-148.80612182617
-14.829688819671	54.496498107910	-147.86203002930
-14.795440115700	56.165416717529	-146.91789245605
-14.761191411728	57.634357452393	-146.24278259277
-14.726942707756	58.944610595703	-145.78114318848
-14.692694003785	60.217231750488	-145.36199951172
-14.658445299813	61.074951171875	-145.41090393066
-14.624196595842	61.932670593262	-145.45982360840
-14.589947891870	62.513984680176	-145.77833557129
-14.555699187899	62.840015411377	-146.34579467773
-14.521450483927	63.166061401367	-146.91326904297
-14.487201779956	62.938816070557	-147.95503234863
-14.452953075984	62.686462402344	-149.01832580566
-14.418704372013	62.198593139648	-150.25959777832
-14.384455668041	61.347381591797	-151.77539062500
-14.350206964070	60.496173858643	-153.29118347168
-14.315958260098	59.153366088867	-155.13114929199
-14.281709556127	57.709857940674	-157.03749084473
-14.247460852155	56.117103576660	-159.02706909180
-14.213212148184	54.113670349121	-161.24572753906
-14.178963444212	52.110294342041	-163.46430969238
-14.144714740241	49.752910614014	-165.83856201172
-14.110466036269	47.246246337891	-168.27842712402
-14.076217332297	44.680042266846	-170.73524475098
-14.041968628326	41.747787475586	-173.29647827148
-14.007719924354	38.815612792969	-175.85765075684
-13.973471220383	35.692859649658	-178.42855834961
-13.939222516411	32.430076599121	-181.00671386719
-13.904973812440	29.164424896240	-183.58364868164
-13.870725108468	25.678564071655	-186.07437133789
-13.836476404497	22.192798614502	-188.56501770020
-13.802227700525	18.658349990845	-190.97149658203
-13.767978996554	15.064284324646	-193.27513122559
-13.733730292582	11.470318794250	-195.57870483398
-13.699481588611	7.8842434883118	-197.63584899902
-13.665232884639	4.2990770339966	-199.66154479980
-13.630984180668	0.75369262695312	-201.57223510742
-13.596735476696	-2.7087254524231	-203.24237060547
-13.562486772725	-6.1710472106934	-204.91246032715
-13.528238068753	-9.4598674774170	-206.26580810547
-13.493989364782	-12.693971633911	-207.51913452148
-13.459740660810	-15.864773750305	-208.68209838867
-13.425491956838	-18.777301788330	-209.47601318359
-13.391243252867	-21.689908981323	-210.26994323730
-13.356994548895	-24.350257873535	-210.75927734375
-13.322745844924	-26.864583969116	-211.07225036621
-13.288497140952	-29.347101211548	-211.35154724121
-13.254248436981	-31.405849456787	-211.18324279785
-13.219999733009	-33.464653015137	-211.01492309570
-13.185751029038	-35.274242401123	-210.61338806152
-13.151502325066	-36.841209411621	-209.98474121094
-13.117253621095	-38.408226013184	-209.35609436035
-13.083004917123	-39.497936248779	-208.33135986328
-13.048756213152	-40.558959960938	-207.28282165527
-13.014507509180	-41.430721282959	-206.09689331055
-12.980258805209	-41.993583679199	-204.68684387207
-12.946010101237	-42.556461334229	-203.27674865723
-12.911761397266	-42.736141204834	-201.63055419922
-12.877512693294	-42.829795837402	-199.93133544922
-12.843263989323	-42.816806793213	-198.18000793457
-12.809015285351	-42.489509582520	-196.27529907227
-12.774766581379	-42.162212371826	-194.37060546875
-12.740517877408	-41.588703155518	-192.38603210449
-12.706269173436	-40.904582977295	-190.36566162109
-12.672020469465	-40.185176849365	-188.34234619141
-12.637771765493	-39.222381591797	-186.29875183105
-12.603523061522	-38.259613037109	-184.25521850586
-12.569274357550	-37.188892364502	-182.24926757812
-12.535025653579	-36.034549713135	-180.27256774902
-12.500776949607	-34.880207061768	-178.29585266113
-12.466528245636	-33.628280639648	-176.46887207031
-12.432279541664	-32.376384735107	-174.64195251465
-12.398030837693	-31.121978759766	-172.92015075684
-12.363782133721	-29.864795684814	-171.31291198730
-12.329533429750	-28.607645034790	-169.70571899414
-12.295284725778	-27.431156158447	-168.36547851562
-12.261036021807	-26.258337020874	-167.03732299805
-12.226787317835	-25.158563613892	-165.84986877441
-12.192538613864	-24.153520584106	-164.84492492676
-12.158289909892	-23.148504257202	-163.83999633789
-12.124041205920	-22.365194320679	-163.15600585938
-12.089792501949	-21.602792739868	-162.50228881836
-12.055543797977	-20.960178375244	-161.99066162109
-12.021295094006	-20.503181457520	-161.69921875000
-11.987046390034	-20.046173095703	-161.40776062012
-11.952797686063	-19.897708892822	-161.42674255371
-11.918548982091	-19.795097351074	-161.49186706543
-11.884300278120	-19.827604293823	-161.67373657227
-11.850051574148	-20.112087249756	-162.07333374023
-11.815802870177	-20.396577835083	-162.47294616699
-11.781554166205	-21.014610290527	-163.11946105957
-11.747305462234	-21.702178955078	-163.81744384766
-11.713056758262	-22.512565612793	-164.59179687500
-11.678808054291	-23.601556777954	-165.53933715820
-11.644559350319	-24.690578460693	-166.48689270020
-11.610310646348	-26.079689025879	-167.58447265625
-11.576061942376	-27.551307678223	-168.72329711914
-11.541813238404	-29.114198684692	-169.89524841309
-11.507564534433	-30.932960510254	-171.16006469727
-11.473315830461	-32.751720428467	-172.42488098145
-11.439067126490	-34.790809631348	-173.73190307617
-11.404818422518	-36.906745910645	-175.05360412598
-11.370569718547	-39.074108123779	-176.37246704102
-11.336321014575	-41.424228668213	-177.68133544922
-11.302072310604	-43.774288177490	-178.99017333984
-11.267823606632	-46.236900329590	-180.24299621582
-11.233574902661	-48.748085021973	-181.47155761719
-11.199326198689	-51.273601531982	-182.67494201660
-11.165077494718	-53.866024017334	-183.76089477539
-11.130828790746	-56.458374023438	-184.84683227539
-11.096580086775	-59.049083709717	-185.80345153809
-11.062331382803	-61.638996124268	-186.69198608398
-11.028082678832	-64.217369079590	-187.54814147949
-10.993833974860	-66.721244812012	-188.19404602051
-10.959585270889	-69.225051879883	-188.83993530273
-10.925336566917	-71.627700805664	-189.31683349609
-10.891087862945	-73.966224670410	-189.68650817871
-10.856839158974	-76.283210754395	-190.02932739258
-10.822590455002	-78.383804321289	-190.10144042969
-10.788341751031	-80.484458923340	-190.17356872559
-10.754093047059	-82.415031433105	-190.07180786133
-10.719844343088	-84.216644287109	-189.83818054199
-10.685595639116	-86.001968383789	-189.59037780762
-10.651346935145	-87.456817626953	-189.05621337891
-10.617098231173	-88.911705017090	-188.52204895020
-10.582849527202	-90.167671203613	-187.83953857422
-10.548600823230	-91.244132995605	-187.02313232422
-10.514352119259	-92.319053649902	-186.20567321777
-10.480103415287	-93.003479003906	-185.13717651367
-10.445854711316	-93.687904357910	-184.06866455078
-10.411606007344	-94.185470581055	-182.89842224121
-10.377357303373	-94.482543945312	-181.61912536621
-10.343108599401	-94.779624938965	-180.33978271484
-10.308859895430	-94.726829528809	-178.90628051758
-10.274611191458	-94.659805297852	-177.46650695801
-10.240362487486	-94.450630187988	-175.98135375977
-10.206113783515	-94.060035705566	-174.43833923340
-10.171865079543	-93.669448852539	-172.89533996582
-10.137616375572	-93.032768249512	-171.31445312500
-10.103367671600	-92.374038696289	-169.73023986816
-10.069118967629	-91.641738891602	-168.15476989746
-10.034870263657	-90.784225463867	-166.59434509277
-10.000621559686	-89.926719665527	-165.03392028809
-9.9663728557143	-88.972099304199	-163.54637145996
-9.9321241517427	-87.996543884277	-162.07460021973
-9.8978754477712	-87.012344360352	-160.64382934570
-9.8636267437997	-86.005317687988	-159.32121276855
-9.8293780398282	-84.998313903809	-157.99864196777
-9.7951293358566	-84.032142639160	-156.82392883301
-9.7608806318851	-83.081275939941	-155.70471191406
-9.7266319279136	-82.155685424805	-154.63000488281
-9.6923832239421	-81.345634460449	-153.75889587402
-9.6581345199705	-80.535614013672	-152.88780212402
-9.6238858159990	-79.862815856934	-152.19406127930
-9.5896371120275	-79.270042419434	-151.60372924805
-9.5553884080559	-78.700950622559	-151.03857421875
-9.5211397040844	-78.390220642090	-150.74806213379
-9.4868910001129	-78.079483032227	-150.45755004883
-9.4526422961414	-77.946495056152	-150.32975769043
-9.4183935921698	-77.967239379883	-150.34269714355
-9.3841448881983	-77.987983703613	-150.35562133789
-9.3498961842268	-78.367401123047	-150.65657043457
-9.3156474802553	-78.750991821289	-150.96087646484
-9.2813987762837	-79.299720764160	-151.38119506836
-9.2471500723122	-80.057899475098	-151.94868469238
-9.2129013683407	-80.816101074219	-152.51617431641
-9.1786526643692	-81.901351928711	-153.28068542480
-9.1444039603976	-83.025733947754	-154.06874084473
-9.1101552564261	-84.266845703125	-154.91358947754
-9.0759065524546	-85.729034423828	-155.86593627930
-9.0416578484830	-87.191276550293	-156.81829833984
-9.0074091445115	-88.886161804199	-157.84881591797
-8.9731604405400	-90.640029907227	-158.89913940430
-8.9389117365685	-92.451431274414	-159.95550537109
-8.9046630325969	-94.435127258301	-161.02983093262
-8.8704143286254	-96.418830871582	-162.10417175293
-8.8361656246539	-98.512100219727	-163.14106750488
-8.8019169206824	-100.65171051025	-164.16207885742
-8.7676682167108	-102.80282592773	-165.16302490234
-8.7334195127393	-105.01641845703	-166.05418395996
-8.6991708087678	-107.23000335693	-166.94535827637
-8.6649221047963	-109.43672943115	-167.71441650391
-8.6306734008247	-111.63890075684	-168.40440368652
-8.5964246968532	-113.83539581299	-169.07878112793
-8.5621759928817	-115.94179534912	-169.50563049316
-8.5279272889101	-118.04813385010	-169.93247985840
-8.4936785849386	-120.06500244141	-170.19982910156
-8.4594298809671	-121.99651336670	-170.31494140625
-8.4251811769956	-123.92797851562	-170.43003845215
-8.3909324730240	-125.62387084961	-170.21369934082
-8.3566837690525	-127.31090545654	-169.98497009277
-8.3224350650810	-128.87260437012	-169.60772705078
-8.2881863611095	-130.25854492188	-169.02215576172
-8.2539376571379	-131.64443969727	-168.43659973145
-8.2196889531664	-132.73310852051	-167.54742431641
-8.1854402491949	-133.77682495117	-166.61225891113
-8.1511915452234	-134.70300292969	-165.57389831543
-8.1169428412518	-135.38050842285	-164.31700134277
-8.0826941372803	-136.05799865723	-163.06013488770
-8.0484454333088	-136.44787597656	-161.59109497070
-8.0141967293372	-136.75338745117	-160.05976867676
-7.9799480253657	-136.97770690918	-158.48114013672
-7.9456993213942	-136.92315673828	-156.73982238770
-7.9114506174227	-136.86860656738	-154.99850463867
-7.8772019134511	-136.58944702148	-153.16792297363
-7.8429532094796	-136.20352172852	-151.29486083984
-7.8087045055081	-135.78012084961	-149.41603088379
-7.7744558015366	-135.10621643066	-147.49862670898
-7.7402070975650	-134.43229675293	-145.58120727539
-7.7059583935935	-133.62301635742	-143.69132995605
-7.6717096896220	-132.71670532227	-141.82122802734
-7.6374609856505	-131.80413818359	-139.95628356934
-7.6032122816789	-130.73011779785	-138.22375488281
-7.5689635777074	-129.65611267090	-136.49121093750
-7.5347148737359	-128.53407287598	-134.86743164062
-7.5004661697643	-127.36254882812	-133.35585021973
-7.4662174657928	-126.19100189209	-131.84423828125
-7.4319687618213	-124.99599456787	-130.60975646973
-7.3977200578498	-123.79967498779	-129.39073181152
-7.3634713538782	-122.62224578857	-128.31147766113
-7.3292226499067	-121.47286224365	-127.43998718262
-7.2949739459352	-120.32347869873	-126.56849670410
-7.2607252419637	-119.27223968506	-126.02471923828
-7.2264765379921	-118.23738861084	-125.53559112549
-7.1922278340206	-117.25728607178	-125.16960144043
-7.1579791300491	-116.39794921875	-125.07512664795
-7.1237304260776	-115.53861999512	-124.98065948486
-7.0894817221060	-114.85387420654	-125.18038177490
-7.0552330181345	-114.22219085693	-125.46950531006
-7.0209843141630	-113.65022277832	-125.83613586426
-6.9867356101914	-113.28766632080	-126.47454833984
-6.9524869062199	-112.92510986328	-127.11296844482
-6.9182382022484	-112.76483154297	-127.95043182373
-6.8839894982769	-112.70114898682	-128.88293457031
-6.8497407943053	-112.67915344238	-129.84455871582
-6.8154920903338	-112.93186187744	-130.99818420410
-6.7812433863623	-113.18457031250	-132.15180969238
-6.7469946823908	-113.62564086914	-133.38435363770
-6.7127459784192	-114.19937896729	-134.67247009277
-6.6784972744477	-114.78619384766	-135.96228027344
-6.6442485704762	-115.67368316650	-137.29071044922
-6.6099998665047	-116.56118011475	-138.61912536621
-6.5757511625331	-117.59479522705	-139.91940307617
-6.5415024585616	-118.77658081055	-141.19114685059
-6.5072537545901	-119.95836639404	-142.46289062500
-6.4730050506185	-121.39156341553	-143.59233093262
-6.4387563466470	-122.83756256104	-144.71447753906
-6.4045076426755	-124.37470245361	-145.74183654785
-6.3702589387040	-126.04492950439	-146.63069152832
-6.3360102347324	-127.71513366699	-147.51954650879
-6.3017615307609	-129.53675842285	-148.14791870117
-6.2675128267894	-131.38273620605	-148.73439025879
-6.2332641228179	-133.26675415039	-149.20918273926
-6.1990154188463	-135.23295593262	-149.44258117676
-6.1647667148748	-137.19917297363	-149.67599487305
-6.1305180109033	-139.21107482910	-149.61477661133
-6.0962693069318	-141.23654174805	-149.46617126465
-6.0620206029602	-143.26066589355	-149.22975158691
-6.0277718989887	-145.28028869629	-148.69285583496
-5.9935231950172	-147.29991149902	-148.15594482422
-5.9592744910456	-149.27043151855	-147.36637878418
-5.9250257870741	-151.21792602539	-146.45851135254
-5.8907770831026	-153.14653015137	-145.50538635254
-5.8565283791311	-154.95497131348	-144.26496887207
-5.8222796751595	-156.76342773438	-143.02455139160
-5.7880309711880	-158.45179748535	-141.62168884277
-5.7537822672165	-160.05708312988	-140.10635375977
-5.7195335632450	-161.65031433105	-138.58172607422
-5.6852848592734	-162.99278259277	-136.86419677734
-5.6510361553019	-164.33528137207	-135.14665222168
-5.6167874513304	-165.51995849609	-133.36946105957
-5.5825387473588	-166.54737854004	-131.53282165527
-5.5482900433873	-167.57478332520	-129.69621276855
-5.5140413394158	-168.25962829590	-127.82987976074
-5.4797926354443	-168.92861938477	-125.96216583252
-5.4455439314727	-169.43753051758	-124.11772155762
-5.4112952275012	-169.71675109863	-122.30667877197
-5.3770465235297	-169.99598693848	-120.49561309814
-5.3427978195582	-169.92269897461	-118.80475616455
-5.3085491155866	-169.79470825195	-117.13256072998
-5.2743004116151	-169.53561401367	-115.52800750732
-5.2400517076436	-168.99870300293	-114.06672668457
-5.2058030036721	-168.46177673340	-112.60545349121
-5.1715542997005	-167.62107849121	-111.35122680664
-5.1373055957290	-166.69245910645	-110.15693664551
-5.1030568917575	-165.67089843750	-109.04196166992
-5.0688081877860	-164.38467407227	-108.15290069580
-5.0345594838144	-163.09844970703	-107.26384735107
-5.0003107798429	-161.58233642578	-106.61809539795
-4.9660620758714	-159.98719787598	-106.05595397949
-4.9318133718998	-158.33621215820	-105.56919860840
-4.8975646679283	-156.49679565430	-105.33688354492
-4.8633159639568	-154.65736389160	-105.10456085205
-4.8290672599853	-152.69993591309	-105.09652709961
-4.7948185560137	-150.69500732422	-105.17880249023
-4.7605698520422	-148.67529296875	-105.31694793701
-4.7263211480707	-146.59532165527	-105.68246459961
-4.6920724440992	-144.51535034180	-106.04798126221
-4.6578237401276	-142.45137023926	-106.57557678223
-4.6235750361561	-140.39489746094	-107.17887115479
-4.5893263321846	-138.35929870605	-107.81237792969
-4.5550776282130	-136.42881774902	-108.59769439697
-4.5208289242415	-134.49833679199	-109.38301086426
-4.4865802202700	-132.71607971191	-110.24568176270
-4.4523315162985	-131.01351928711	-111.14997863770
-4.4180828123269	-129.35458374023	-112.06143188477
-4.3838341083554	-127.97613525391	-113.01887512207
-4.3495854043839	-126.59770202637	-113.97630310059
-4.3153367004124	-125.47270965576	-114.92619323730
-4.2810879964408	-124.50375366211	-115.87142944336
-4.2468392924693	-123.58432006836	-116.80909729004
-4.2125905884978	-123.09481048584	-117.68122863770
-4.1783418845263	-122.60530090332	-118.55335998535
-4.1440931805547	-122.42691802979	-119.35097503662
-4.1098444765832	-122.46685791016	-120.09629821777
-4.0755957726117	-122.54679870605	-120.82932281494
-4.0413470686401	-123.14250183105	-121.40371704102
-4.0070983646686	-123.73819732666	-121.97811126709
-3.9728496606971	-124.64350891113	-122.43941497803
-3.9386009567256	-125.79574584961	-122.81053161621
-3.9043522527540	-126.96952819824	-123.17256164551
-3.8701035487825	-128.65151977539	-123.32015991211
-3.8358548448110	-130.33351135254	-123.46775817871
-3.8016061408395	-132.26544189453	-123.49414825439
-3.7673574368679	-134.42350769043	-123.41087341309
-3.7331087328964	-136.58528137207	-123.32548522949
-3.6988600289249	-139.14036560059	-123.01619720459
-3.6646113249534	-141.69543457031	-122.70691680908
-3.6303626209818	-144.39630126953	-122.29398345947
-3.5961139170103	-147.24668884277	-121.77474975586
-3.5618652130388	-150.09706115723	-121.25551605225
-3.5276165090672	-153.11907958984	-120.55604553223
-3.4933678050957	-156.14491271973	-119.85252380371
-3.4591191011242	-159.19070434570	-119.07935333252
-3.4248703971527	-162.25962829590	-118.22520446777
-3.3906216931811	-165.32856750488	-117.37105560303
-3.3563729892096	-168.30674743652	-116.41162872314
-3.3221242852381	-171.27984619141	-115.44627380371
-3.2878755812666	-174.15188598633	-114.45153808594
-3.2536268772950	-176.89062500000	-113.41799926758
-3.2193781733235	-179.62933349609	-112.38446807861
-3.1851294693520	-182.03359985352	-111.32936096191
-3.1508807653805	-184.40692138672	-110.27227020264
-3.1166320614089	-186.58747863770	-109.22342681885
-3.0823833574374	-188.47851562500	-108.18698883057
-3.0481346534659	-190.36955261230	-107.15055084229
-3.0138859494943	-191.74850463867	-106.16915893555
-2.9796372455228	-193.06031799316	-105.19498443604
-2.9453885415513	-194.13262939453	-104.25790405273
-2.9111398375798	-194.79435729980	-103.38439178467
-2.8768911336082	-195.45608520508	-102.51088714600
-2.8426424296367	-195.52737426758	-101.75090789795
-2.8083937256652	-195.49670410156	-101.01052856445
-2.7741450216937	-195.22929382324	-100.32408905029
-2.7398963177221	-194.49632263184	-99.743713378906
-2.7056476137506	-193.76336669922	-99.163345336914
-2.6713989097791	-192.47201538086	-98.730506896973
-2.6371502058076	-191.05929565430	-98.329742431641
-2.6029015018360	-189.45428466797	-97.987960815430
-2.5686527978645	-187.41271972656	-97.780105590820
-2.5344040938930	-185.37113952637	-97.572242736816
-2.5001553899214	-182.91287231445	-97.515541076660
-2.4659066859499	-180.32461547852	-97.505973815918
-2.4316579819784	-177.64129638672	-97.538978576660
-2.3974092780069	-174.61833190918	-97.724021911621
-2.3631605740353	-171.59538269043	-97.909057617188
-2.3289118700638	-168.36851501465	-98.217590332031
-2.2946631660923	-165.04356384277	-98.585525512695
-2.2604144621208	-161.69822692871	-98.975028991699
-2.2261657581492	-158.21852111816	-99.506752014160
-2.1919170541777	-154.73878479004	-100.03848266602
-2.1576683502062	-151.25877380371	-100.65107727051
-2.1234196462347	-147.77854919434	-101.32029724121
-2.0891709422631	-144.30519104004	-101.99423217773
-2.0549222382916	-140.97923278809	-102.76900482178
-2.0206735343201	-137.65327453613	-103.54378509521
-1.9864248303485	-134.47839355469	-104.35275268555
-1.9521761263770	-131.45396423340	-105.19576263428
-1.9179274224055	-128.42951965332	-106.03877258301
-1.8836787184340	-125.82197570801	-106.90830993652
-1.8494300144624	-123.23291015625	-107.77902984619
-1.8151813104909	-120.87146759033	-108.64352416992
-1.7809326065194	-118.83216094971	-109.49921417236
-1.7466839025479	-116.79284667969	-110.35490417480
-1.7124351985763	-115.31063079834	-111.16004943848
-1.6781864946048	-113.91127014160	-111.95767974854
-1.6439377906333	-112.74177551270	-112.72280120850
-1.6096890866617	-112.04537963867	-113.42102813721
-1.5754403826902	-111.34899139404	-114.11925506592
-1.5411916787187	-111.22966766357	-114.70987701416
-1.5069429747472	-111.26984405518	-115.27075958252
-1.4726942707756	-111.48764038086	-115.79090118408
-1.4384455668041	-112.26811218262	-116.18195343018
-1.4041968628326	-113.04857635498	-116.57300567627
-1.3699481588611	-114.32718658447	-116.82817077637
-1.3356994548895	-115.82295227051	-117.02409362793
-1.3014507509180	-117.42008209229	-117.18762207031
-1.2672020469465	-119.57884216309	-117.17166900635
-1.2329533429750	-121.73760986328	-117.15571594238
-1.1987046390034	-124.25425720215	-117.00664520264
-1.1644559350319	-127.00033569336	-116.77224731445
-1.1302072310604	-129.77876281738	-116.52370452881
-1.0959585270889	-133.01618957520	-116.07452392578
-1.0617098231173	-136.25360107422	-115.62534332275
-1.0274611191458	-139.68949890137	-115.07167816162
-0.99321241517427	-143.30690002441	-114.42244720459
-0.95896371120274	-146.92431640625	-113.77321624756
-0.92471500723122	-150.79403686523	-112.95281982422
-0.89046630325969	-154.66923522949	-112.12870788574
-0.85621759928816	-158.60084533691	-111.24362945557
-0.82196889531664	-162.60565185547	-110.27944183350
-0.78772019134511	-166.61044311523	-109.31525421143
-0.75347148737358	-170.61502075195	-108.26416778564
-0.71922278340206	-174.61956787109	-107.20253753662
-0.68497407943053	-178.57989501953	-106.12400817871
-0.65072537545900	-182.45741271973	-105.01383209229
-0.61647667148748	-186.33493041992	-103.90366363525
-0.58222796751595	-190.01341247559	-102.79650115967
-0.54797926354442	-193.64356994629	-101.69007110596
-0.51373055957290	-197.18035888672	-100.59856414795
-0.47948185560137	-200.45300292969	-99.549285888672
-0.44523315162984	-203.72563171387	-98.500007629395
-0.41098444765831	-206.67170715332	-97.528533935547
-0.37673574368679	-209.48927307129	-96.587677001953
-0.34248703971526	-212.21324157715	-95.673828125000
-0.30823833574373	-214.49314880371	-94.888069152832
-0.27398963177221	-216.77305603027	-94.102310180664
-0.23974092780068	-218.67250061035	-93.439102172852
-0.20549222382915	-220.34904479980	-92.847694396973
-0.17124351985763	-221.96890258789	-92.275802612305
-0.13699481588610	-222.99415588379	-91.908561706543
-0.10274611191458	-224.01940917969	-91.541320800781
-0.068497407943049	-224.67495727539	-91.306022644043
-0.034248703971521	-225.02001953125	-91.181518554688
3.5527136788005e-15	-225.36508178711	-91.057022094727
0.034248703971532	-225.02001953125	-91.181518554688
0.068497407943060	-224.67495727539	-91.306022644043
0.10274611191458	-224.01940917969	-91.541320800781
0.13699481588611	-222.99415588379	-91.908561706543
0.17124351985764	-221.96890258789	-92.275802612305
0.20549222382916	-220.34904479980	-92.847694396973
0.23974092780069	-218.67250061035	-93.439102172852
0.27398963177222	-216.77305603027	-94.102310180664
0.30823833574375	-214.49314880371	-94.888069152832
0.34248703971527	-212.21324157715	-95.673828125000
0.37673574368680	-209.48927307129	-96.587677001953
0.41098444765833	-206.67170715332	-97.528533935547
0.44523315162985	-203.72563171387	-98.500007629395
0.47948185560138	-200.45300292969	-99.549285888672
0.51373055957291	-197.18035888672	-100.59856414795
0.54797926354443	-193.64356994629	-101.69007110596
0.58222796751596	-190.01341247559	-102.79650115967
0.61647667148749	-186.33493041992	-103.90366363525
0.65072537545901	-182.45741271973	-105.01383209229
0.68497407943054	-178.57989501953	-106.12400817871
0.71922278340207	-174.61956787109	-107.20253753662
0.75347148737359	-170.61502075195	-108.26416778564
0.78772019134512	-166.61044311523	-109.31525421143
0.82196889531665	-162.60565185547	-110.27944183350
0.85621759928817	-158.60084533691	-111.24362945557
0.89046630325970	-154.66923522949	-112.12870788574
0.92471500723123	-150.79403686523	-112.95281982422
0.95896371120275	-146.92431640625	-113.77321624756
0.99321241517428	-143.30690002441	-114.42244720459
1.0274611191458	-139.68949890137	-115.07167816162
1.0617098231173	-136.25360107422	-115.62534332275
1.0959585270889	-133.01618957520	-116.07452392578
1.1302072310604	-129.77876281738	-116.52370452881
1.1644559350319	-127.00033569336	-116.77224731445
1.1987046390034	-124.25425720215	-117.00664520264
1.2329533429750	-121.73760986328	-117.15571594238
1.2672020469465	-119.57884216309	-117.17166900635
1.3014507509180	-117.42008209229	-117.18762207031
1.3356994548895	-115.82295227051	-117.02409362793
1.3699481588611	-114.32718658447	-116.82817077637
1.4041968628326	-113.04857635498	-116.57300567627
1.4384455668041	-112.26811218262	-116.18195343018
1.4726942707757	-111.48764038086	-115.79090118408
1.5069429747472	-111.26984405518	-115.27075958252
1.5411916787187	-111.22966766357	-114.70987701416
1.5754403826902	-111.34899139404	-114.11925506592
1.6096890866618	-112.04537963867	-113.42102813721
1.6439377906333	-112.74177551270	-112.72280120850
1.6781864946048	-113.91127014160	-111.95767974854
1.7124351985763	-115.31063079834	-111.16004943848
1.7466839025479	-116.79284667969	-110.35490417480
1.7809326065194	-118.83216094971	-109.49921417236
1.8151813104909	-120.87146759033	-108.64352416992
1.8494300144624	-123.23291015625	-107.77902984619
1.8836787184340	-125.82197570801	-106.90830993652
1.9179274224055	-128.42951965332	-106.03877258301
1.9521761263770	-131.45396423340	-105.19576263428
1.9864248303486	-134.47839355469	-104.35275268555
2.0206735343201	-137.65327453613	-103.54378509521
2.0549222382916	-140.97923278809	-102.76900482178
2.0891709422631	-144.30519104004	-101.99423217773
2.1234196462347	-147.77854919434	-101.32029724121
2.1576683502062	-151.25877380371	-100.65107727051
2.1919170541777	-154.73878479004	-100.03848266602
2.2261657581492	-158.21852111816	-99.506752014160
2.2604144621208	-161.69822692871	-98.975028991699
2.2946631660923	-165.04356384277	-98.585525512695
2.3289118700638	-168.36851501465	-98.217590332031
2.3631605740353	-171.59538269043	-97.909057617188
2.3974092780069	-174.61833190918	-97.724021911621
2.4316579819784	-177.64129638672	-97.538978576660
2.4659066859499	-180.32461547852	-97.505973815918
2.5001553899215	-182.91287231445	-97.515541076660
2.5344040938930	-185.37113952637	-97.572242736816
2.5686527978645	-187.41271972656	-97.780105590820
2.6029015018360	-189.45428466797	-97.987960815430
2.6371502058076	-191.05929565430	-98.329742431641
2.6713989097791	-192.47201538086	-98.730506896973
2.7056476137506	-193.76336669922	-99.163345336914
2.7398963177221	-194.49632263184	-99.743713378906
2.7741450216937	-195.22929382324	-100.32408905029
2.8083937256652	-195.49670410156	-101.01052856445
2.8426424296367	-195.52737426758	-101.75090789795
2.8768911336083	-195.45608520508	-102.51088714600
2.9111398375798	-194.79435729980	-103.38439178467
2.9453885415513	-194.13262939453	-104.25790405273
2.9796372455228	-193.06031799316	-105.19498443604
3.0138859494944	-191.74850463867	-106.16915893555
3.0481346534659	-190.36955261230	-107.15055084229
3.0823833574374	-188.47851562500	-108.18698883057
3.1166320614089	-186.58747863770	-109.22342681885
3.1508807653805	-184.40692138672	-110.27227020264
3.1851294693520	-182.03359985352	-111.32936096191
3.2193781733235	-179.62933349609	-112.38446807861
3.2536268772950	-176.89062500000	-113.41799926758
3.2878755812666	-174.15188598633	-114.45153808594
3.3221242852381	-171.27984619141	-115.44627380371
3.3563729892096	-168.30674743652	-116.41162872314
3.3906216931811	-165.32856750488	-117.37105560303
3.4248703971527	-162.25962829590	-118.22520446777
3.4591191011242	-159.19070434570	-119.07935333252
3.4933678050957	-156.14491271973	-119.85252380371
3.5276165090673	-153.11907958984	-120.55604553223
3.5618652130388	-150.09706115723	-121.25551605225
3.5961139170103	-147.24668884277	-121.77474975586
3.6303626209818	-144.39630126953	-122.29398345947
3.6646113249534	-141.69543457031	-122.70691680908
3.6988600289249	-139.14036560059	-123.01619720459
3.7331087328964	-136.58528137207	-123.32548522949
3.7673574368679	-134.42350769043	-123.41087341309
3.8016061408395	-132.26544189453	-123.49414825439
3.8358548448110	-130.33351135254	-123.46775817871
3.8701035487825	-128.65151977539	-123.32015991211
3.9043522527541	-126.96952819824	-123.17256164551
3.9386009567256	-125.79574584961	-122.81053161621
3.9728496606971	-124.64350891113	-122.43941497803
4.0070983646686	-123.73819732666	-121.97811126709
4.0413470686402	-123.14250183105	-121.40371704102
4.0755957726117	-122.54679870605	-120.82932281494
4.1098444765832	-122.46685791016	-120.09629821777
4.1440931805547	-122.42691802979	-119.35097503662
4.1783418845263	-122.60530090332	-118.55335998535
4.2125905884978	-123.09481048584	-117.68122863770
4.2468392924693	-123.58432006836	-116.80909729004
4.2810879964408	-124.50375366211	-115.87142944336
4.3153367004124	-125.47270965576	-114.92619323730
4.3495854043839	-126.59770202637	-113.97630310059
4.3838341083554	-127.97613525391	-113.01887512207
4.4180828123270	-129.35458374023	-112.06143188477
4.4523315162985	-131.01351928711	-111.14997863770
4.4865802202700	-132.71607971191	-110.24568176270
4.5208289242415	-134.49833679199	-109.38301086426
4.5550776282131	-136.42881774902	-108.59769439697
4.5893263321846	-138.35929870605	-107.81237792969
4.6235750361561	-140.39489746094	-107.17887115479
4.6578237401276	-142.45137023926	-106.57557678223
4.6920724440992	-144.51535034180	-106.04798126221
4.7263211480707	-146.59532165527	-105.68246459961
4.7605698520422	-148.67529296875	-105.31694793701
4.7948185560137	-150.69500732422	-105.17880249023
4.8290672599853	-152.69993591309	-105.09652709961
4.8633159639568	-154.65736389160	-105.10456085205
4.8975646679283	-156.49679565430	-105.33688354492
4.9318133718999	-158.33621215820	-105.56919860840
4.9660620758714	-159.98719787598	-106.05595397949
5.0003107798429	-161.58233642578	-106.61809539795
5.0345594838144	-163.09844970703	-107.26384735107
5.0688081877860	-164.38467407227	-108.15290069580
5.1030568917575	-165.67089843750	-109.04196166992
5.1373055957290	-166.69245910645	-110.15693664551
5.1715542997005	-167.62107849121	-111.35122680664
5.2058030036721	-168.46177673340	-112.60545349121
5.2400517076436	-168.99870300293	-114.06672668457
5.2743004116151	-169.53561401367	-115.52800750732
5.3085491155866	-169.79470825195	-117.13256072998
5.3427978195582	-169.92269897461	-118.80475616455
5.3770465235297	-169.99598693848	-120.49561309814
5.4112952275012	-169.71675109863	-122.30667877197
5.4455439314728	-169.43753051758	-124.11772155762
5.4797926354443	-168.92861938477	-125.96216583252
5.5140413394158	-168.25962829590	-127.82987976074
5.5482900433873	-167.57478332520	-129.69621276855
5.5825387473589	-166.54737854004	-131.53282165527
5.6167874513304	-165.51995849609	-133.36946105957
5.6510361553019	-164.33528137207	-135.14665222168
5.6852848592734	-162.99278259277	-136.86419677734
5.7195335632450	-161.65031433105	-138.58172607422
5.7537822672165	-160.05708312988	-140.10635375977
5.7880309711880	-158.45179748535	-141.62168884277
5.8222796751595	-156.76342773438	-143.02455139160
5.8565283791311	-154.95497131348	-144.26496887207
5.8907770831026	-153.14653015137	-145.50538635254
5.9250257870741	-151.21792602539	-146.45851135254
5.9592744910457	-149.27043151855	-147.36637878418
5.9935231950172	-147.29991149902	-148.15594482422
6.0277718989887	-145.28028869629	-148.69285583496
6.0620206029602	-143.26066589355	-149.22975158691
6.0962693069318	-141.23654174805	-149.46617126465
6.1305180109033	-139.21107482910	-149.61477661133
6.1647667148748	-137.19917297363	-149.67599487305
6.1990154188463	-135.23295593262	-149.44258117676
6.2332641228179	-133.26675415039	-149.20918273926
6.2675128267894	-131.38273620605	-148.73439025879
6.3017615307609	-129.53675842285	-148.14791870117
6.3360102347324	-127.71513366699	-147.51954650879
6.3702589387040	-126.04492950439	-146.63069152832
6.4045076426755	-124.37470245361	-145.74183654785
6.4387563466470	-122.83756256104	-144.71447753906
6.4730050506186	-121.39156341553	-143.59233093262
6.5072537545901	-119.95836639404	-142.46289062500
6.5415024585616	-118.77658081055	-141.19114685059
6.5757511625331	-117.59479522705	-139.91940307617
6.6099998665047	-116.56118011475	-138.61912536621
6.6442485704762	-115.67368316650	-137.29071044922
6.6784972744477	-114.78619384766	-135.96228027344
6.7127459784192	-114.19937896729	-134.67247009277
6.7469946823908	-113.62564086914	-133.38435363770
6.7812433863623	-113.18457031250	-132.15180969238
6.8154920903338	-112.93186187744	-130.99818420410
6.8497407943053	-112.67915344238	-129.84455871582
6.8839894982769	-112.70114898682	-128.88293457031
6.9182382022484	-112.76483154297	-127.95043182373
6.9524869062199	-112.92510986328	-127.11296844482
6.9867356101915	-113.28766632080	-126.47454833984
7.0209843141630	-113.65022277832	-125.83613586426
7.0552330181345	-114.22219085693	-125.46950531006
7.0894817221060	-114.85387420654	-125.18038177490
7.1237304260776	-115.53861999512	-124.98065948486
7.1579791300491	-116.39794921875	-125.07512664795
7.1922278340206	-117.25728607178	-125.16960144043
7.2264765379921	-118.23738861084	-125.53559112549
7.2607252419637	-119.27223968506	-126.02471923828
7.2949739459352	-120.32347869873	-126.56849670410
7.3292226499067	-121.47286224365	-127.43998718262
7.3634713538782	-122.62224578857	-128.31147766113
7.3977200578498	-123.79967498779	-129.39073181152
7.4319687618213	-124.99599456787	-130.60975646973
7.4662174657928	-126.19100189209	-131.84423828125
7.5004661697644	-127.36254882812	-133.35585021973
7.5347148737359	-128.53407287598	-134.86743164062
7.5689635777074	-129.65611267090	-136.49121093750
7.6032122816789	-130.73011779785	-138.22375488281
7.6374609856505	-131.80413818359	-139.95628356934
7.6717096896220	-132.71670532227	-141.82122802734
7.7059583935935	-133.62301635742	-143.69132995605
7.7402070975650	-134.43229675293	-145.58120727539
7.7744558015366	-135.10621643066	-147.49862670898
7.8087045055081	-135.78012084961	-149.41603088379
7.8429532094796	-136.20352172852	-151.29486083984
7.8772019134512	-136.58944702148	-153.16792297363
7.9114506174227	-136.86860656738	-154.99850463867
7.9456993213942	-136.92315673828	-156.73982238770
7.9799480253657	-136.97770690918	-158.48114013672
8.0141967293373	-136.75338745117	-160.05976867676
8.0484454333088	-136.44787597656	-161.59109497070
8.0826941372803	-136.05799865723	-163.06013488770
8.1169428412518	-135.38050842285	-164.31700134277
8.1511915452234	-134.70300292969	-165.57389831543
8.1854402491949	-133.77682495117	-166.61225891113
8.2196889531664	-132.73310852051	-167.54742431641
8.2539376571379	-131.64443969727	-168.43659973145
8.2881863611095	-130.25854492188	-169.02215576172
8.3224350650810	-128.87260437012	-169.60772705078
8.3566837690525	-127.31090545654	-169.98497009277
8.3909324730241	-125.62387084961	-170.21369934082
8.4251811769956	-123.92797851562	-170.43003845215
8.4594298809671	-121.99651336670	-170.31494140625
8.4936785849386	-120.06500244141	-170.19982910156
8.5279272889102	-118.04813385010	-169.93247985840
8.5621759928817	-115.94179534912	-169.50563049316
8.5964246968532	-113.83539581299	-169.07878112793
8.6306734008247	-111.63890075684	-168.40440368652
8.6649221047963	-109.43672943115	-167.71441650391
8.6991708087678	-107.23000335693	-166.94535827637
8.7334195127393	-105.01641845703	-166.05418395996
8.7676682167108	-102.80282592773	-165.16302490234
8.8019169206824	-100.65171051025	-164.16207885742
8.8361656246539	-98.512100219727	-163.14106750488
8.8704143286254	-96.418830871582	-162.10417175293
8.9046630325970	-94.435127258301	-161.02983093262
8.9389117365685	-92.451431274414	-159.95550537109
8.9731604405400	-90.640029907227	-158.89913940430
9.0074091445115	-88.886161804199	-157.84881591797
9.0416578484831	-87.191276550293	-156.81829833984
9.0759065524546	-85.729034423828	-155.86593627930
9.1101552564261	-84.266845703125	-154.91358947754
9.1444039603976	-83.025733947754	-154.06874084473
9.1786526643692	-81.901351928711	-153.28068542480
9.2129013683407	-80.816101074219	-152.51617431641
9.2471500723122	-80.057899475098	-151.94868469238
9.2813987762837	-79.299720764160	-151.38119506836
9.3156474802553	-78.750991821289	-150.96087646484
9.3498961842268	-78.367401123047	-150.65657043457
9.3841448881983	-77.987983703613	-150.35562133789
9.4183935921698	-77.967239379883	-150.34269714355
9.4526422961414	-77.946495056152	-150.32975769043
9.4868910001129	-78.079483032227	-150.45755004883
9.5211397040844	-78.390220642090	-150.74806213379
9.5553884080560	-78.700950622559	-151.03857421875
9.5896371120275	-79.270042419434	-151.60372924805
9.6238858159990	-79.862815856934	-152.19406127930
9.6581345199705	-80.535614013672	-152.88780212402
9.6923832239421	-81.345634460449	-153.75889587402
9.7266319279136	-82.155685424805	-154.63000488281
9.7608806318851	-83.081275939941	-155.70471191406
9.7951293358566	-84.032142639160	-156.82392883301
9.8293780398282	-84.998313903809	-157.99864196777
9.8636267437997	-86.005317687988	-159.32121276855
9.8978754477712	-87.012344360352	-160.64382934570
9.9321241517428	-87.996543884277	-162.07460021973
9.9663728557143	-88.972099304199	-163.54637145996
10.000621559686	-89.926719665527	-165.03392028809
10.034870263657	-90.784225463867	-166.59434509277
10.069118967629	-91.641738891602	-168.15476989746
10.103367671600	-92.374038696289	-169.73023986816
10.137616375572	-93.032768249512	-171.31445312500
10.171865079543	-93.669448852539	-172.89533996582
10.206113783515	-94.060035705566	-174.43833923340
10.240362487486	-94.450630187988	-175.98135375977
10.274611191458	-94.659805297852	-177.46650695801
10.308859895430	-94.726829528809	-178.90628051758
10.343108599401	-94.779624938965	-180.33978271484
10.377357303373	-94.482543945312	-181.61912536621
10.411606007344	-94.185470581055	-182.89842224121
10.445854711316	-93.687904357910	-184.06866455078
10.480103415287	-93.003479003906	-185.13717651367
10.514352119259	-92.319053649902	-186.20567321777
10.548600823230	-91.244132995605	-187.02313232422
10.582849527202	-90.167671203613	-187.83953857422
10.617098231173	-88.911705017090	-188.52204895020
10.651346935145	-87.456817626953	-189.05621337891
10.685595639116	-86.001968383789	-189.59037780762
10.719844343088	-84.216644287109	-189.83818054199
10.754093047059	-82.415031433105	-190.07180786133
10.788341751031	-80.484458923340	-190.17356872559
10.822590455002	-78.383804321289	-190.10144042969
10.856839158974	-76.283210754395	-190.02932739258
10.891087862946	-73.966224670410	-189.68650817871
10.925336566917	-71.627700805664	-189.31683349609
10.959585270889	-69.225051879883	-188.83993530273
10.993833974860	-66.721244812012	-188.19404602051
11.028082678832	-64.217369079590	-187.54814147949
11.062331382803	-61.638996124268	-186.69198608398
11.096580086775	-59.049083709717	-185.80345153809
11.130828790746	-56.458374023438	-184.84683227539
11.165077494718	-53.866024017334	-183.76089477539
11.199326198689	-51.273601531982	-182.67494201660
11.233574902661	-48.748085021973	-181.47155761719
11.267823606632	-46.236900329590	-180.24299621582
11.302072310604	-43.774288177490	-178.99017333984
11.336321014575	-41.424228668213	-177.68133544922
11.370569718547	-39.074108123779	-176.37246704102
11.404818422518	-36.906745910645	-175.05360412598
11.439067126490	-34.790809631348	-173.73190307617
11.473315830461	-32.751720428467	-172.42488098145
11.507564534433	-30.932960510254	-171.16006469727
11.541813238405	-29.114198684692	-169.89524841309
11.576061942376	-27.551307678223	-168.72329711914
11.610310646348	-26.079689025879	-167.58447265625
11.644559350319	-24.690578460693	-166.48689270020
11.678808054291	-23.601556777954	-165.53933715820
11.713056758262	-22.512565612793	-164.59179687500
11.747305462234	-21.702178955078	-163.81744384766
11.781554166205	-21.014610290527	-163.11946105957
11.815802870177	-20.396577835083	-162.47294616699
11.850051574148	-20.112087249756	-162.07333374023
11.884300278120	-19.827604293823	-161.67373657227
11.918548982091	-19.795097351074	-161.49186706543
11.952797686063	-19.897708892822	-161.42674255371
11.987046390034	-20.046173095703	-161.40776062012
12.021295094006	-20.503181457520	-161.69921875000
12.055543797977	-20.960178375244	-161.99066162109
12.089792501949	-21.602792739868	-162.50228881836
12.124041205920	-22.365194320679	-163.15600585938
12.158289909892	-23.148504257202	-163.83999633789
12.192538613864	-24.153520584106	-164.84492492676
12.226787317835	-25.158563613892	-165.84986877441
12.261036021807	-26.258337020874	-167.03732299805
12.295284725778	-27.431156158447	-168.36547851562
12.329533429750	-28.607645034790	-169.70571899414
12.363782133721	-29.864795684814	-171.31291198730
12.398030837693	-31.121978759766	-172.92015075684
12.432279541664	-32.376384735107	-174.64195251465
12.466528245636	-33.628280639648	-176.46887207031
12.500776949607	-34.880207061768	-178.29585266113
12.535025653579	-36.034549713135	-180.27256774902
12.569274357550	-37.188892364502	-182.24926757812
12.603523061522	-38.259613037109	-184.25521850586
12.637771765493	-39.222381591797	-186.29875183105
12.672020469465	-40.185176849365	-188.34234619141
12.706269173436	-40.904582977295	-190.36566162109
12.740517877408	-41.588703155518	-192.38603210449
12.774766581379	-42.162212371826	-194.37060546875
12.809015285351	-42.489509582520	-196.27529907227
12.843263989323	-42.816806793213	-198.18000793457
12.877512693294	-42.829795837402	-199.93133544922
12.911761397266	-42.736141204834	-201.63055419922
12.946010101237	-42.556461334229	-203.27674865723
12.980258805209	-41.993583679199	-204.68684387207
13.014507509180	-41.430721282959	-206.09689331055
13.048756213152	-40.558959960938	-207.28282165527
13.083004917123	-39.497936248779	-208.33135986328
13.117253621095	-38.408226013184	-209.35609436035
13.151502325066	-36.841209411621	-209.98474121094
13.185751029038	-35.274242401123	-210.61338806152
13.219999733009	-33.464653015137	-211.01492309570
13.254248436981	-31.405849456787	-211.18324279785
13.288497140952	-29.347101211548	-211.35154724121
13.322745844924	-26.864583969116	-211.07225036621
13.356994548895	-24.350257873535	-210.75927734375
13.391243252867	-21.689908981323	-210.26994323730
13.425491956838	-18.777301788330	-209.47601318359
13.459740660810	-15.864773750305	-208.68209838867
13.493989364782	-12.693971633911	-207.51913452148
13.528238068753	-9.4598674774170	-206.26580810547
13.562486772725	-6.1710472106934	-204.91246032715
13.596735476696	-2.7087254524231	-203.24237060547
13.630984180668	0.75369262695312	-201.57223510742
13.665232884639	4.2990770339966	-199.66154479980
13.699481588611	7.8842434883118	-197.63584899902
13.733730292582	11.470318794250	-195.57870483398
13.767978996554	15.064284324646	-193.27513122559
13.802227700525	18.658349990845	-190.97149658203
13.836476404497	22.192798614502	-188.56501770020
13.870725108468	25.678564071655	-186.07437133789
13.904973812440	29.164424896240	-183.58364868164
13.939222516411	32.430076599121	-181.00671386719
13.973471220383	35.692859649658	-178.42855834961
14.007719924354	38.815612792969	-175.85765075684
14.041968628326	41.747787475586	-173.29647827148
14.076217332297	44.680042266846	-170.73524475098
14.110466036269	47.246246337891	-168.27842712402
14.144714740241	49.752910614014	-165.83856201172
14.178963444212	52.110294342041	-163.46430969238
14.213212148184	54.113670349121	-161.24572753906
14.247460852155	56.117103576660	-159.02706909180
14.281709556127	57.709857940674	-157.03749084473
14.315958260098	59.153366088867	-155.13114929199
14.350206964070	60.496173858643	-153.29118347168
14.384455668041	61.347381591797	-151.77539062500
14.418704372013	62.198593139648	-150.25959777832
14.452953075984	62.686462402344	-149.01832580566
14.487201779956	62.938816070557	-147.95503234863
14.521450483927	63.166061401367	-146.91326904297
14.555699187899	62.840015411377	-146.34579467773
14.589947891870	62.513984680176	-145.77833557129
14.624196595842	61.932670593262	-145.45982360840
14.658445299813	61.074951171875	-145.41090393066
14.692694003785	60.217231750488	-145.36199951172
14.726942707756	58.944610595703	-145.78114318848
14.761191411728	57.634357452393	-146.24278259277
14.795440115700	56.165416717529	-146.91789245605
14.829688819671	54.496498107910	-147.86203002930
14.863937523643	52.827625274658	-148.80612182617
14.898186227614	50.910514831543	-150.18080139160
14.932434931586	48.985324859619	-151.56956481934
14.966683635557	46.989780426025	-153.15063476562
15.000932339529	44.922115325928	-154.92871093750
15.035181043500	42.854095458984	-156.71302795410
15.069429747472	40.765579223633	-158.80941772461
15.103678451443	38.677005767822	-160.90586853027
15.137927155415	36.644336700439	-163.12997436523
15.172175859386	34.658195495605	-165.46051025391
15.206424563358	32.687931060791	-167.80108642578
15.240673267329	30.925359725952	-170.27162170410
15.274921971301	29.162738800049	-172.74223327637
15.309170675272	27.601104736328	-175.23603820801
15.343419379244	26.175117492676	-177.74554443359
15.377668083216	24.802820205688	-180.24713134766
15.411916787187	23.814569473267	-182.69149780273
15.446165491159	22.826320648193	-185.13587951660
15.480414195130	22.176769256592	-187.47087097168
15.514662899102	21.710863113403	-189.74644470215
15.548911603073	21.347257614136	-191.97534179688
15.583160307045	21.468582153320	-193.98257446289
15.617409011016	21.589906692505	-195.98982238770
15.651657714988	22.152027130127	-197.74511718750
15.685906418959	22.903064727783	-199.39236450195
15.720155122931	23.800439834595	-200.94017028809
15.754403826902	25.199918746948	-202.14692687988
15.788652530874	26.599359512329	-203.35363769531
15.822901234845	28.481273651123	-204.17935180664
15.857149938817	30.522829055786	-204.87907409668
15.891398642788	32.733730316162	-205.42453002930
15.925647346760	35.386413574219	-205.56784057617
15.959896050731	38.039024353027	-205.71113586426
15.994144754703	41.139072418213	-205.38270568848
16.028393458675	44.348937988281	-204.93849182129
16.062642162646	47.717216491699	-204.29769897461
16.096890866618	51.408412933350	-203.25556945801
16.131139570589	55.099609375000	-202.21343994141
16.165388274561	59.121952056885	-200.66925048828
16.199636978532	63.200714111328	-199.03948974609
16.233885682504	67.385177612305	-197.19822692871
16.268134386475	71.742248535156	-195.01196289062
16.302383090447	76.099075317383	-192.82582092285
16.336631794418	80.598846435547	-190.18231201172
16.370880498390	85.113464355469	-187.49131774902
16.405129202361	89.641365051270	-184.61264038086
16.439377906333	94.186988830566	-181.48669433594
16.473626610304	98.732368469238	-178.36093139648
16.507875314276	103.18353271484	-174.90191650391
16.542124018247	107.63050842285	-171.42808532715
16.576372722219	111.96864318848	-167.83444213867
16.610621426190	116.19037628174	-164.11264038086
16.644870130162	120.40926361084	-160.38938903809
16.679118834134	124.28643798828	-156.52964782715
16.713367538105	128.16361999512	-152.66990661621
16.747616242077	131.79959106445	-148.79875183105
16.781864946048	135.22561645508	-144.91766357422
16.816113650020	138.60923767090	-141.04382324219
16.850362353991	141.49421691895	-137.25761413574
16.884611057963	144.37919616699	-133.47142028809
16.918859761934	146.88160705566	-129.81509399414
16.953108465906	149.15229797363	-126.23741912842
16.987357169877	151.31187438965	-122.71218109131
17.021605873849	152.91598510742	-119.44980621338
17.055854577820	154.52011108398	-116.18743133545
17.090103281792	155.62957763672	-113.21714019775
17.124351985763	156.53796386719	-110.36560058594
17.158600689735	157.26760864258	-107.63932800293
17.192849393706	157.47515869141	-105.27890014648
17.227098097678	157.68269348145	-102.91860198975
17.261346801649	157.34567260742	-101.00053405762
17.295595505621	156.87176513672	-99.193626403809
17.329844209593	156.17904663086	-97.590713500977
17.364092913564	155.06747436523	-96.378173828125
17.398341617536	153.95596313477	-95.165710449219
17.432590321507	152.33755493164	-94.496597290039
17.466839025479	150.65473937988	-93.896507263184
17.501087729450	148.76310729980	-93.558074951172
17.535336433422	146.59614562988	-93.564605712891
17.569585137393	144.42906188965	-93.571136474609
17.603833841365	141.89201354980	-94.140052795410
17.638082545336	139.34564208984	-94.723129272461
17.672331249308	136.66377258301	-95.578048706055
17.706579953279	133.85653686523	-96.684471130371
17.740828657251	131.04074096680	-97.819480895996
17.775077361222	128.10115051270	-99.374885559082
17.809326065194	125.16156005859	-100.93029022217
17.843574769165	122.22251129150	-102.70189666748
17.877823473137	119.28382873535	-104.61313629150
17.912072177108	116.36552429199	-106.56201171875
17.946320881080	113.56113433838	-108.72149658203
17.980569585052	110.75688934326	-110.88086700439
18.014818289023	108.13521575928	-113.13010406494
18.049066992995	105.59337615967	-115.41863250732
18.083315696966	103.14276885986	-117.70819091797
18.117564400938	100.98125457764	-120.00114440918
18.151813104909	98.819847106934	-122.29396820068
18.186061808881	97.037574768066	-124.49160766602
18.220310512852	95.359809875488	-126.66300201416
18.254559216824	93.868141174316	-128.75448608398
18.288807920795	92.757720947266	-130.68231201172
18.323056624767	91.647361755371	-132.61003112793
18.357305328738	91.085342407227	-134.22659301758
18.391554032710	90.603752136230	-135.79750061035
18.425802736681	90.398704528809	-137.17837524414
18.460051440653	90.581665039062	-138.29258728027
18.494300144624	90.764633178711	-139.40684509277
18.528548848596	91.594619750977	-140.00375366211
18.562797552567	92.451393127441	-140.57922363281
18.597046256539	93.643646240234	-140.84725952148
18.631294960511	95.165672302246	-140.81306457520
18.665543664482	96.687774658203	-140.77886962891
18.699792368454	98.820007324219	-140.10313415527
18.734041072425	100.96889495850	-139.40989685059
18.768289776397	103.36180877686	-138.41929626465
18.802538480368	106.06213378906	-137.05406188965
18.836787184340	108.76246643066	-135.68884277344
18.871035888311	111.87513732910	-133.72418212891
18.905284592283	115.02758789062	-131.70152282715
18.939533296254	118.30709838867	-129.44436645508
18.973782000226	121.79324340820	-126.80585479736
19.008030704197	125.27938842773	-124.16734313965
19.042279408169	128.93717956543	-121.06210327148
19.076528112140	132.62504577637	-117.87461090088
19.110776816112	136.33288574219	-114.54035949707
19.145025520083	140.08329772949	-110.89281463623
19.179274224055	143.83372497559	-107.24526977539
19.213522928026	147.52325439453	-103.31939697266
19.247771631998	151.19616699219	-99.318977355957
19.282020335970	154.81472778320	-95.258857727051
19.316269039941	158.27638244629	-91.026367187500
19.350517743913	161.73805236816	-86.793876647949
19.384766447884	164.95843505859	-82.486717224121
19.419015151856	168.08807373047	-78.151176452637
19.453263855827	171.13256835938	-73.821670532227
19.487512559799	173.82737731934	-69.516014099121
19.521761263770	176.52218627930	-65.210350036621
19.556009967742	178.87541198730	-61.009887695312
19.590258671713	181.05638122559	-56.862277984619
19.624507375685	183.16162109375	-52.752258300781
19.658756079656	184.77723693848	-48.884170532227
19.693004783628	186.39286804199	-45.016082763672
19.727253487599	187.65446472168	-41.380943298340
19.761502191571	188.68284606934	-37.899265289307
19.795750895542	189.66964721680	-34.451618194580
19.829999599514	190.11964416504	-31.445220947266
19.864248303486	190.56964111328	-28.438823699951
19.898497007457	190.72753906250	-25.725986480713
19.932745711429	190.63772583008	-23.262111663818
19.966994415400	190.54306030273	-20.804092407227
20.001243119372	189.97973632812	-18.924812316895
20.035491823343	189.41642761230	-17.045534133911
20.069740527315	188.66947937012	-15.454064369202
20.103989231286	187.72306823730	-14.175214767456
20.138237935258	186.77665710449	-12.896364212036
20.172486639229	185.57028198242	-12.176042556763
20.206735343201	184.34985351562	-11.486129760742
20.240984047172	183.06710815430	-11.022348403931
20.275232751144	181.69747924805	-10.873969078064
20.309481455115	180.32783508301	-10.725589752197
20.343730159087	178.93223571777	-11.036358833313
20.377978863058	177.53590393066	-11.361535072327
20.412227567030	176.18827819824	-11.892243385315
20.446476271001	174.88533020020	-12.611453056335
20.480724974973	173.59759521484	-13.352522850037
20.514973678945	172.50143432617	-14.368924140930
20.549222382916	171.40533447266	-15.385269165039
20.583471086888	170.50207519531	-16.518384933472
20.617719790859	169.71423339844	-17.721389770508
20.651968494831	168.99609375000	-18.936237335205
20.686217198802	168.60079956055	-20.205942153931
20.720465902774	168.20549011230	-21.475717544556
20.754714606745	168.14224243164	-22.703197479248
20.788963310717	168.20207214355	-23.915025711060
20.823212014688	168.40069580078	-25.075466156006
20.857460718660	168.95349121094	-26.104759216309
20.891709422631	169.50631713867	-27.134107589722
20.925958126603	170.47923278809	-27.911581039429
20.960206830574	171.53605651855	-28.638761520386
20.994455534546	172.78068542480	-29.206947326660
21.028704238517	174.32470703125	-29.521686553955
21.062952942489	175.86872863770	-29.836425781250
21.097201646460	177.82847595215	-29.674392700195
21.131450350432	179.81584167480	-29.480562210083
21.165699054404	181.98638916016	-28.998886108398
21.199947758375	184.34796142578	-28.217048645020
21.234196462347	186.72123718262	-27.408397674561
21.268445166318	189.36517333984	-25.980178833008
21.302693870290	192.00895690918	-24.552038192749
21.336942574261	194.75459289551	-22.718881607056
21.371191278233	197.56997680664	-20.608327865601
21.405439982204	200.39221191406	-18.396739959717
21.439688686176	203.25476074219	-15.591474533081
21.473937390147	206.11714172363	-12.786365509033
21.508186094119	208.91944885254	-9.5056657791138
21.542434798090	211.69569396973	-6.0186896324158
21.576683502062	214.41647338867	-2.3707008361816
21.610932206033	216.97032165527	1.7617645263672
21.645180910005	219.52429199219	5.8944606781006
21.679429613976	221.79058837891	10.499832153320
21.713678317948	223.98565673828	15.222354888916
21.747927021919	226.02214050293	20.110565185547
21.782175725891	227.72718811035	25.345060348511
21.816424429863	229.43234252930	30.579849243164
21.850673133834	230.62501525879	36.163192749023
21.884921837806	231.72425842285	41.810134887695
21.919170541777	232.56474304199	47.566833496094
21.953419245749	232.96070861816	53.512054443359
21.987667949720	233.35668945312	59.457275390625
22.021916653692	233.05902099609	65.557357788086
22.056165357663	232.67576599121	71.676177978516
22.090414061635	231.95013427734	77.812980651855
22.124662765606	230.73646545410	83.975433349609
22.158911469578	229.52279663086	90.137878417969
22.193160173549	227.50987243652	96.218116760254
22.227408877521	225.44102478027	102.29222106934
22.261657581492	222.98245239258	108.26708221436
22.295906285464	220.06022644043	114.12385559082
22.330154989435	217.13801574707	119.98063659668
22.364403693407	213.40858459473	125.50592041016
22.398652397378	209.66145324707	131.02432250977
22.432901101350	205.52821350098	136.31698608398
22.467149805322	201.01022338867	141.38513183594
22.501398509293	196.47615051270	146.44061279297
22.535647213265	191.26333618164	150.96200561523
22.569895917236	186.05023193359	155.48364257812
22.604144621208	180.51081848145	159.66276550293
22.638393325179	174.69912719727	163.55650329590
22.672642029151	168.85456848145	167.40364074707
22.706890733122	162.55570983887	170.60661315918
22.741139437094	156.25651550293	173.80978393555
22.775388141065	149.74311828613	176.57968139648
22.809636845037	143.08039855957	179.04821777344
22.843885549008	136.39157104492	181.43159484863
22.878134252980	129.49543762207	183.13873291016
22.912382956951	122.59928894043	184.84588623047
22.946631660923	115.64056396484	186.07380676270
22.980880364894	108.64450073242	187.01094055176
23.015129068866	101.65291595459	187.84698486328
23.049377772837	94.690490722656	188.02473449707
23.083626476809	87.728065490723	188.20246887207
23.117875180781	80.868721008301	187.90827941895
23.152123884752	74.067016601562	187.35290527344
23.186372588724	67.308212280273	186.69042968750
23.220621292695	60.784465789795	185.44114685059
23.254869996667	54.260719299316	184.19186401367
23.289118700638	47.991756439209	182.51446533203
23.323367404610	41.850830078125	180.62124633789
23.357616108581	35.793121337891	178.62527465820
23.391864812553	30.124515533447	176.14636230469
23.426113516524	24.455909729004	173.66746520996
23.460362220496	19.160686492920	170.83009338379
23.494610924467	14.035898208618	167.82864379883
23.528859628439	9.0289649963379	164.73757934570
23.563108332410	4.5016551017761	161.28021240234
23.597357036382	-0.025655746459961	157.82284545898
23.631605740353	-4.1064519882202	154.08976745605
23.665854444325	-8.0026035308838	150.24266052246
23.700103148296	-11.757905960083	146.32456970215
23.734351852268	-15.007387161255	142.15306091309
23.768600556240	-18.256870269775	137.98155212402
23.802849260211	-21.039234161377	133.61950683594
23.837097964183	-23.647712707520	129.18652343750
23.871346668154	-26.097295761108	124.70094299316
23.905595372126	-28.086183547974	120.06402587891
23.939844076097	-30.075071334839	115.42710113525
23.974092780069	-31.604539871216	110.67108917236
24.008341484040	-33.007911682129	105.88238525391
24.042590188012	-34.242797851562	101.06050872803
24.076838891983	-35.106929779053	96.166542053223
24.111087595955	-35.971065521240	91.272583007812
24.145336299926	-36.429157257080	86.324928283691
24.179585003898	-36.810195922852	81.367088317871
24.213833707869	-37.036590576172	76.399070739746
24.248082411841	-36.997867584229	71.413322448730
24.282331115812	-36.959144592285	66.427856445312
24.316579819784	-36.604686737061	61.445877075195
24.350828523756	-36.213722229004	56.464309692383
24.385077227727	-35.702705383301	51.496318817139
24.419325931699	-35.028770446777	46.546474456787
24.453574635670	-34.354873657227	41.596908569336
24.487823339642	-33.479835510254	36.700168609619
24.522072043613	-32.594715118408	31.806079864502
24.556320747585	-31.626989364624	26.954195022583
24.590569451556	-30.594783782959	22.135255813599
24.624818155528	-29.546867370605	17.332098007202
24.659066859499	-28.423126220703	12.607023239136
24.693315563471	-27.299383163452	7.8819513320923
24.727564267442	-26.142316818237	3.2436587810516
24.761812971414	-24.975868225098	-1.3701992034912
24.796061675385	-23.808628082275	-5.9346828460693
24.830310379357	-22.640312194824	-10.421175003052
24.864559083328	-21.471996307373	-14.907667160034
24.898807787300	-20.331132888794	-19.263439178467
24.933056491271	-19.190298080444	-23.619083404541
24.967305195243	-18.090415954590	-27.845550537109
25.001553899215	-16.990617752075	-32.071716308594
