#Parameters = {BeamSourceOriginX=0; BeamSourceOriginY=0; BeamSourceOriginZ=115.79674639889; D=50.003107798429; PML_offset=0; R=61.548; alpha=90; angle_20dB=11.769; beam_f=-234.79674639889; beam_w=1.94; f=120; n=1.5129; phi=0; source_dist=115.79674639889; th=5.3067463988873; th2=8; theta=0}
#"Y / mm"	"power (f=120) (fsGBMacro_3331027.311nm(1,0),(0.0))_Abs (Y) [Magnitude / dB]"
#--------------------------------------------------------------------------------------
-25.001553899214	15.581460955066
-24.967305195243	15.753406700162
-24.933056491271	15.923825712477
-24.898807787300	16.288099964110
-24.864559083328	16.639310584100
-24.830310379357	17.037736121314
-24.796061675385	17.419877864591
-24.761812971414	17.822946571284
-24.727564267442	18.230856118656
-24.693315563471	18.632767003167
-24.659066859499	19.056787562119
-24.624818155528	19.461457576494
-24.590569451556	19.884740391210
-24.556320747585	20.295632146956
-24.522072043613	20.704277826983
-24.487823339642	21.114393418381
-24.453574635670	21.507492048921
-24.419325931699	21.911146147910
-24.385077227727	22.296892833488
-24.350828523755	22.679257568917
-24.316579819784	23.054735473349
-24.282331115812	23.416382644617
-24.248082411841	23.777744088855
-24.213833707869	24.124814622922
-24.179585003898	24.465136525637
-24.145336299926	24.796501224299
-24.111087595955	25.116783439270
-24.076838891983	25.430435015672
-24.042590188012	25.733522036933
-24.008341484040	26.027755635037
-23.974092780069	26.313273396909
-23.939844076097	26.589816322800
-23.905595372126	26.857155627010
-23.871346668154	27.117125354209
-23.837097964183	27.367280129644
-23.802849260211	27.610186448312
-23.768600556240	27.845656830041
-23.734351852268	28.071755749138
-23.700103148296	28.292891647597
-23.665854444325	28.504245155279
-23.631605740353	28.710021731714
-23.597357036382	28.909730701703
-23.563108332410	29.100856637819
-23.528859628439	29.288659609523
-23.494610924467	29.467428107835
-23.460362220496	29.641970556386
-23.426113516524	29.811473857250
-23.391864812553	29.973475727333
-23.357616108581	30.133161482055
-23.323367404610	30.284618757270
-23.289118700638	30.432794111943
-23.254869996667	30.576593650290
-23.220621292695	30.713812775267
-23.186372588724	30.849296990450
-23.152123884752	30.977149631358
-23.117875180781	31.102362712681
-23.083626476809	31.223607441466
-23.049377772837	31.338984826701
-23.015129068866	31.453001617083
-22.980880364894	31.559889641078
-22.946631660923	31.664668459415
-22.912382956951	31.765820123944
-22.878134252980	31.861842105791
-22.843885549008	31.956826830397
-22.809636845037	32.045396620401
-22.775388141065	32.132399282924
-22.741139437094	32.216232415948
-22.706890733122	32.295998463185
-22.672642029151	32.375058667906
-22.638393325179	32.448745387475
-22.604144621208	32.521547971577
-22.569895917236	32.591817050737
-22.535647213265	32.659263659914
-22.501398509293	32.726322432651
-22.467149805322	32.789414841881
-22.432901101350	32.852165025726
-22.398652397378	32.913166930140
-22.364403693407	32.972490700740
-22.330154989435	33.031596310504
-22.295906285464	33.088263285244
-22.261657581492	33.144820086406
-22.227408877521	33.200289546338
-22.193160173549	33.254839676591
-22.158911469578	33.309201470841
-22.124662765606	33.362174411528
-22.090414061635	33.415026232279
-22.056165357663	33.467125869540
-22.021916653692	33.518629701108
-21.987667949720	33.569875666309
-21.953419245749	33.620156867521
-21.919170541777	33.670224252487
-21.884921837806	33.719607417475
-21.850673133834	33.768472197533
-21.816424429863	33.816991458407
-21.782175725891	33.864722623541
-21.747927021919	33.912190452660
-21.713678317948	33.959052564258
-21.679429613976	34.005506604483
-21.645180910005	34.051656672889
-21.610932206033	34.097328654289
-21.576683502062	34.142815177346
-21.542434798090	34.188045420565
-21.508186094119	34.233137269371
-21.473937390147	34.278159944506
-21.439688686176	34.323219093840
-21.405439982204	34.368264426762
-21.371191278233	34.413592173383
-21.336942574261	34.459033762404
-21.302693870290	34.504724154465
-21.268445166318	34.550798395703
-21.234196462347	34.597001755473
-21.199947758375	34.643724877781
-21.165699054404	34.690623581384
-21.131450350432	34.737730096158
-21.097201646460	34.785044621404
-21.062952942489	34.832478234496
-21.028704238517	34.879593387311
-20.994455534546	34.926818768366
-20.960206830574	34.973294918804
-20.925958126603	35.019300105753
-20.891709422631	35.064919287876
-20.857460718660	35.108382952965
-20.823212014688	35.151835891730
-20.788963310717	35.192311148622
-20.754714606745	35.231577945240
-20.720465902774	35.269210414568
-20.686217198802	35.302514136087
-20.651968494831	35.335744979755
-20.617719790859	35.362550612568
-20.583471086888	35.387923442964
-20.549222382916	35.409618612742
-20.514973678945	35.425232016542
-20.480724974973	35.440818562019
-20.446476271001	35.445679482749
-20.412227567030	35.449703105883
-20.377978863058	35.447358559722
-20.343730159087	35.438092855156
-20.309481455115	35.428417444030
-20.275232751144	35.404360750662
-20.240984047172	35.380346262834
-20.206735343201	35.346766163911
-20.172486639229	35.306291557941
-20.138237935258	35.264885621830
-20.103989231286	35.206584450717
-20.069740527315	35.148126678868
-20.035491823343	35.080049251021
-20.001243119372	35.002922247051
-19.966994415400	34.925407028071
-19.932745711429	34.829549607391
-19.898497007457	34.732788078670
-19.864248303485	34.627388191231
-19.829999599514	34.511619201724
-19.795750895542	34.394686914818
-19.761502191571	34.261913840072
-19.727253487599	34.126353962732
-19.693004783628	33.983806940743
-19.658756079656	33.831160964109
-19.624507375685	33.676245460247
-19.590258671713	33.510168537750
-19.556009967742	33.339918381059
-19.521761263770	33.164744744950
-19.487512559799	32.982343704178
-19.453263855827	32.796522649549
-19.419015151856	32.606173361677
-19.384766447884	32.411786753213
-19.350517743913	32.214677992873
-19.316269039941	32.016728967448
-19.282020335970	31.814661041417
-19.247771631998	31.616178215021
-19.213522928026	31.416310318073
-19.179274224055	31.215822548208
-19.145025520083	31.024748481520
-19.110776816112	30.829819596751
-19.076528112140	30.647088460590
-19.042279408169	30.468559971133
-19.008030704197	30.291164551606
-18.973782000226	30.136328538218
-18.939533296254	29.978980957215
-18.905284592283	29.841315809374
-18.871035888311	29.715537302877
-18.836787184340	29.591691893497
-18.802538480368	29.503635429311
-18.768289776397	29.414777197672
-18.734041072425	29.349803842039
-18.699792368454	29.304090379742
-18.665543664482	29.259391042726
-18.631294960511	29.259591982386
-18.597046256539	29.259792933113
-18.562797552567	29.282726983915
-18.528548848596	29.328623372098
-18.494300144624	29.376046633941
-18.460051440653	29.465095531002
-18.425802736681	29.553319096311
-18.391554032710	29.664542765761
-18.357305328738	29.791220069216
-18.323056624767	29.920921249609
-18.288807920795	30.080369007836
-18.254559216824	30.237175833949
-18.220310512852	30.412172853714
-18.186061808881	30.593901736793
-18.151813104909	30.777531746162
-18.117564400938	30.976690729870
-18.083315696966	31.171687464878
-18.049066992995	31.376163149518
-18.014818289023	31.580394082847
-17.980569585052	31.783518489216
-17.946320881080	31.989672829740
-17.912072177108	32.191341261115
-17.877823473137	32.391930578358
-17.843574769165	32.588833149160
-17.809326065194	32.780530320132
-17.775077361222	32.966687411707
-17.740828657251	33.149184480268
-17.706579953279	33.319938415423
-17.672331249308	33.487080875419
-17.638082545336	33.644443304243
-17.603833841365	33.791955653206
-17.569585137393	33.936757290159
-17.535336433422	34.061254967004
-17.501087729450	34.184199357911
-17.466839025479	34.292953559789
-17.432590321507	34.391059715949
-17.398341617536	34.485458298967
-17.364092913564	34.557126818920
-17.329844209593	34.628406372715
-17.295595505621	34.682042490609
-17.261346801649	34.726566450000
-17.227098097678	34.765685083928
-17.192849393706	34.783544957766
-17.158600689735	34.801540954303
-17.124351985763	34.800326868242
-17.090103281792	34.792637142480
-17.055854577820	34.778080598478
-17.021605873849	34.746330157843
-16.987357169877	34.714594663570
-16.953108465906	34.664763725910
-16.918859761934	34.611097875416
-16.884611057963	34.550292510511
-16.850362353991	34.477637749398
-16.816113650020	34.404437221235
-16.781864946048	34.317400347393
-16.747616242077	34.228373619823
-16.713367538105	34.133817141650
-16.679118834134	34.032838765379
-16.644870130162	33.930680507990
-16.610621426190	33.821952092452
-16.576372722219	33.711804205861
-16.542124018247	33.599879123691
-16.507875314276	33.486171139927
-16.473626610304	33.371140879703
-16.439377906333	33.258202793259
-16.405129202361	33.143872603095
-16.370880498390	33.032501898856
-16.336631794418	32.923244143729
-16.302383090447	32.813855374414
-16.268134386475	32.713424818729
-16.233885682504	32.612207988803
-16.199636978532	32.518682159892
-16.165388274561	32.429933063288
-16.131139570589	32.343106245229
-16.096890866618	32.269345127448
-16.062642162646	32.195731461140
-16.028393458675	32.133351539681
-15.994144754703	32.076872933031
-15.959896050731	32.024256324512
-15.925647346760	31.985785244829
-15.891398642788	31.948131356383
-15.857149938817	31.923227137368
-15.822901234845	31.903790724482
-15.788652530874	31.889187318120
-15.754403826902	31.887278897112
-15.720155122931	31.886212459310
-15.685906418959	31.897296027125
-15.651657714988	31.912334863143
-15.617409011016	31.932005116404
-15.583160307045	31.961458416747
-15.548911603073	31.991258220114
-15.514662899102	32.031101789716
-15.480414195130	32.073065545681
-15.446165491159	32.118638978636
-15.411916787187	32.170657242718
-15.377668083215	32.222460591403
-15.343419379244	32.281289969618
-15.309170675272	32.340745035076
-15.274921971301	32.402335623412
-15.240673267329	32.467218418253
-15.206424563358	32.531624788906
-15.172175859386	32.599348209639
-15.137927155415	32.666899686289
-15.103678451443	32.734776841616
-15.069429747472	32.803211262159
-15.035181043500	32.871289018712
-15.000932339529	32.938336016869
-14.966683635557	33.005181861742
-14.932434931586	33.070216957423
-14.898186227614	33.133640995217
-14.863937523643	33.196896210667
-14.829688819671	33.254839211704
-14.795440115700	33.313006318162
-14.761191411728	33.367106895982
-14.726942707756	33.418188777878
-14.692694003785	33.468870373757
-14.658445299813	33.511184427281
-14.624196595842	33.554067272108
-14.589947891870	33.591712537608
-14.555699187899	33.624655888919
-14.521450483927	33.658262846338
-14.487201779956	33.681154898997
-14.452953075984	33.704236466527
-14.418704372013	33.723290640284
-14.384455668041	33.735738418740
-14.350206964070	33.748855713940
-14.315958260098	33.753090053291
-14.281709556127	33.755953046216
-14.247460852155	33.756619420625
-14.213212148184	33.750146121823
-14.178963444212	33.744110608572
-14.144714740241	33.732245120626
-14.110466036269	33.718032181282
-14.076217332297	33.703109710492
-14.041968628326	33.682311855420
-14.007719924354	33.661626926798
-13.973471220383	33.638112357731
-13.939222516411	33.612445346104
-13.904973812440	33.586718222188
-13.870725108468	33.557864989549
-13.836476404497	33.528920286383
-13.802227700525	33.499295034952
-13.767978996554	33.468862302667
-13.733730292582	33.438341093137
-13.699481588611	33.407986282454
-13.665232884639	33.377657494191
-13.630984180668	33.347816159827
-13.596735476696	33.319097634431
-13.562486772725	33.290548539035
-13.528238068753	33.264013785152
-13.493989364782	33.238423119058
-13.459740660810	33.213794849634
-13.425491956838	33.192017229158
-13.391243252867	33.170874041385
-13.356994548895	33.152348296976
-13.322745844924	33.135779524760
-13.288497140952	33.120280479624
-13.254248436981	33.108518717338
-13.219999733009	33.097773169390
-13.185751029038	33.089464131697
-13.151502325066	33.083602115402
-13.117253621095	33.078830321906
-13.083004917123	33.077459724650
-13.048756213152	33.077288402360
-13.014507509180	33.078982794220
-12.980258805209	33.082965319605
-12.946010101237	33.087885545775
-12.911761397266	33.095194487766
-12.877512693294	33.103593020564
-12.843263989323	33.113134501962
-12.809015285351	33.124462613505
-12.774766581379	33.136304583263
-12.740517877408	33.149585636571
-12.706269173436	33.163606651195
-12.672020469465	33.178067144362
-12.637771765493	33.193766497229
-12.603523061522	33.209569238610
-12.569274357550	33.225991667073
-12.535025653579	33.242830984562
-12.500776949607	33.259661502965
-12.466528245636	33.277033498781
-12.432279541664	33.294373721565
-12.398030837693	33.311699598163
-12.363782133721	33.329060992845
-12.329533429750	33.346454363904
-12.295284725778	33.363296728898
-12.261036021807	33.380279233804
-12.226787317835	33.396784593830
-12.192538613864	33.412756916584
-12.158289909892	33.429081628275
-12.124041205920	33.443576969060
-12.089792501949	33.458410765979
-12.055543797977	33.472456277818
-12.021295094006	33.485102573326
-11.987046390034	33.498473675108
-11.952797686063	33.508856455607
-11.918548982091	33.519524208253
-11.884300278120	33.529293337558
-11.850051574148	33.536689132156
-11.815802870177	33.544965434266
-11.781554166205	33.549695830546
-11.747305462234	33.554341115558
-11.713056758262	33.558200044218
-11.678808054291	33.559139013249
-11.644559350319	33.560779746300
-11.610310646348	33.559336792097
-11.576061942376	33.557387780850
-11.541813238405	33.554952084976
-11.507564534433	33.550095315065
-11.473315830461	33.545546210689
-11.439067126490	33.539455595701
-11.404818422518	33.532869033426
-11.370569718547	33.526226167323
-11.336321014575	33.518986002586
-11.302072310604	33.511761305511
-11.267823606632	33.505138572681
-11.233574902661	33.498772333081
-11.199326198689	33.492822604582
-11.165077494718	33.488866223889
-11.130828790746	33.484998013405
-11.096580086775	33.483515546758
-11.062331382803	33.483470494644
-11.028082678832	33.484210055365
-10.993833974860	33.488756914057
-10.959585270889	33.493759608239
-10.925336566917	33.501524579055
-10.891087862945	33.511357151205
-10.856839158974	33.522070177389
-10.822590455002	33.535975948064
-10.788341751031	33.550632957295
-10.754093047059	33.566685263021
-10.719844343088	33.584005259519
-10.685595639116	33.602058325842
-10.651346935145	33.620057204533
-10.617098231173	33.638774080341
-10.582849527202	33.656674475554
-10.548600823230	33.673820141685
-10.514352119259	33.691536508818
-10.480103415287	33.705109071671
-10.445854711316	33.719114745373
-10.411606007344	33.730644588600
-10.377357303373	33.739366882985
-10.343108599401	33.748358566091
-10.308859895430	33.751152620361
-10.274611191458	33.753814643971
-10.240362487486	33.753673316168
-10.206113783515	33.749849987290
-10.171865079543	33.746055729359
-10.137616375572	33.736730800310
-10.103367671600	33.726898518854
-10.069118967629	33.715236342679
-10.034870263657	33.700484533222
-10.000621559686	33.685749180277
-9.9663728557143	33.668235911997
-9.9321241517427	33.650217701199
-9.8978754477712	33.631815946926
-9.8636267437997	33.612310202689
-9.8293780398282	33.593046551811
-9.7951293358566	33.573917522253
-9.7608806318851	33.555113280331
-9.7266319279136	33.536926802490
-9.6923832239421	33.520234461798
-9.6581345199705	33.504047998728
-9.6238858159990	33.489982177536
-9.5896371120275	33.477403485252
-9.5553884080560	33.465691049637
-9.5211397040844	33.457849822440
-9.4868910001129	33.450539153781
-9.4526422961414	33.446212793832
-9.4183935921698	33.444457340469
-9.3841448881983	33.443128953752
-9.3498961842268	33.447581804312
-9.3156474802553	33.452374433877
-9.2813987762837	33.460209579340
-9.2471500723122	33.471716671739
-9.2129013683407	33.483343597342
-9.1786526643692	33.501274304267
-9.1444039603976	33.519945912584
-9.1101552564261	33.541143450523
-9.0759065524546	33.567083609652
-9.0416578484831	33.592947919809
-9.0074091445115	33.624450477637
-8.9731604405400	33.657309498503
-8.9389117365685	33.691632132987
-8.9046630325969	33.730540169737
-8.8704143286254	33.769375057160
-8.8361656246539	33.811174439188
-8.8019169206824	33.854219284852
-8.7676682167108	33.897452265705
-8.7334195127393	33.941885182048
-8.6991708087678	33.986325664387
-8.6649221047963	34.029407294317
-8.6306734008247	34.071643886443
-8.5964246968532	34.113543492216
-8.5621759928817	34.149492321381
-8.5279272889102	34.185521096717
-8.4936785849386	34.216249496032
-8.4594298809671	34.241946925160
-8.4251811769956	34.267750834331
-8.3909324730240	34.280052939223
-8.3566837690525	34.291958399475
-8.3224350650810	34.297014686977
-8.2881863611095	34.292393748273
-8.2539376571379	34.287848025718
-8.2196889531664	34.267738153925
-8.1854402491949	34.245246466279
-8.1511915452234	34.217070192779
-8.1169428412518	34.176781093371
-8.0826941372803	34.136317544705
-8.0484454333088	34.083509242028
-8.0141967293373	34.026783536099
-7.9799480253657	33.966936522150
-7.9456993213942	33.897153853537
-7.9114506174227	33.826807012537
-7.8772019134511	33.750829398368
-7.8429532094796	33.671759904889
-7.8087045055081	33.591736823284
-7.7744558015366	33.509403069244
-7.7402070975650	33.426295704369
-7.7059583935935	33.344866936405
-7.6717096896220	33.264471767509
-7.6374609856505	33.183725476249
-7.6032122816789	33.112023287725
-7.5689635777074	33.039748538308
-7.5347148737359	32.974432659663
-7.5004661697644	32.916473633075
-7.4662174657928	32.858141999610
-7.4319687618213	32.817908006991
-7.3977200578498	32.778528707694
-7.3634713538782	32.747910911380
-7.3292226499067	32.730496276233
-7.2949739459352	32.713047380887
-7.2607252419637	32.715690431107
-7.2264765379921	32.721682496757
-7.1922278340206	32.734932349656
-7.1579791300491	32.764131624235
-7.1237304260776	32.793240213615
-7.0894817221060	32.838875226772
-7.0552330181345	32.889307557203
-7.0209843141630	32.943678137711
-6.9867356101914	33.012395282435
-6.9524869062199	33.080602546382
-6.9182382022484	33.158591505809
-6.8839894982769	33.240779920061
-6.8497407943053	33.323643535901
-6.8154920903338	33.414997906539
-6.7812433863623	33.505422375543
-6.7469946823908	33.598261697962
-6.7127459784192	33.692447135402
-6.6784972744477	33.785646110658
-6.6442485704762	33.878184445370
-6.6099998665047	33.969747786801
-6.5757511625331	34.057857359409
-6.5415024585616	34.142578808768
-6.5072537545901	34.226485744183
-6.4730050506185	34.300000142192
-6.4387563466470	34.372434076293
-6.4045076426755	34.438327968895
-6.3702589387040	34.495120480092
-6.3360102347324	34.551599792857
-6.3017615307609	34.591995792484
-6.2675128267894	34.629770840109
-6.2332641228179	34.660846730620
-6.1990154188463	34.677634155121
-6.1647667148748	34.694526380640
-6.1305180109033	34.694370711166
-6.0962693069318	34.689281092731
-6.0620206029602	34.679359286860
-6.0277718989887	34.652466807085
-5.9935231950172	34.625661325525
-5.9592744910456	34.585025421026
-5.9250257870741	34.537797883450
-5.8907770831026	34.488127073657
-5.8565283791311	34.423349392445
-5.8222796751595	34.358198103282
-5.7880309711880	34.285187377759
-5.7537822672165	34.206402045915
-5.7195335632450	34.126644713722
-5.6852848592734	34.039601393472
-5.6510361553019	33.951692767820
-5.6167874513304	33.862768376048
-5.5825387473589	33.772792796775
-5.5482900433873	33.681876206360
-5.5140413394158	33.596443237321
-5.4797926354443	33.510491188202
-5.4455439314727	33.429251201871
-5.4112952275012	33.355350574389
-5.3770465235297	33.280929005166
-5.3427978195582	33.222924379471
-5.3085491155866	33.167404247270
-5.2743004116151	33.119476231998
-5.2400517076436	33.088007218973
-5.2058030036721	33.056802622834
-5.1715542997005	33.046482028602
-5.1373055957290	33.042582288887
-5.1030568917575	33.046143981747
-5.0688081877860	33.070054923101
-5.0345594838144	33.094410686139
-5.0003107798429	33.137929214889
-4.9660620758714	33.188096288445
-4.9318133718998	33.243382935650
-4.8975646679283	33.315304405022
-4.8633159639568	33.386987308947
-4.8290672599853	33.470211030889
-4.7948185560137	33.557580288008
-4.7605698520422	33.646391620992
-4.7263211480707	33.742900327343
-4.6920724440992	33.838450405823
-4.6578237401276	33.935908302293
-4.6235750361561	34.033636968172
-4.5893263321846	34.129951859156
-4.5550776282131	34.223469882656
-4.5208289242415	34.315992380987
-4.4865802202700	34.402383447160
-4.4523315162985	34.485197217200
-4.4180828123269	34.565500506122
-4.3838341083554	34.633972684034
-4.3495854043839	34.701984639541
-4.3153367004124	34.759096643392
-4.2810879964408	34.809574895841
-4.2468392924693	34.857874976273
-4.2125905884978	34.888533418811
-4.1783418845263	34.919301805913
-4.1440931805547	34.937833554789
-4.1098444765832	34.947931566783
-4.0755957726117	34.956774623785
-4.0413470686402	34.946347793602
-4.0070983646686	34.936206275121
-3.9728496606971	34.915351249563
-3.9386009567256	34.885931931088
-3.9043522527540	34.856005548363
-3.8701035487825	34.809651656769
-3.8358548448110	34.763299821933
-3.8016061408395	34.709753862697
-3.7673574368679	34.649516204694
-3.7331087328964	34.588960531064
-3.6988600289249	34.518846710511
-3.6646113249534	34.448275118463
-3.6303626209818	34.375037254125
-3.5961139170103	34.298961776951
-3.5618652130388	34.222261862097
-3.5276165090673	34.145527138663
-3.4933678050957	34.068129997682
-3.4591191011242	33.992610627365
-3.4248703971527	33.919444655068
-3.3906216931811	33.845660276985
-3.3563729892096	33.780772163792
-3.3221242852381	33.715968888244
-3.2878755812666	33.656626856901
-3.2536268772950	33.604799305413
-3.2193781733235	33.552750533819
-3.1851294693520	33.515605731937
-3.1508807653805	33.479841759239
-3.1166320614089	33.451343310444
-3.0823833574374	33.433856015761
-3.0481346534659	33.416502614400
-3.0138859494944	33.415958289779
-2.9796372455228	33.417761744875
-2.9453885415513	33.426554443498
-2.9111398375798	33.447156032873
-2.8768911336082	33.467834904582
-2.8426424296367	33.503317344663
-2.8083937256652	33.541265594811
-2.7741450216937	33.584279131522
-2.7398963177221	33.637207565448
-2.7056476137506	33.689843658057
-2.6713989097791	33.752486532032
-2.6371502058076	33.816906095895
-2.6029015018360	33.883693867699
-2.5686527978645	33.956370147499
-2.5344040938930	34.028448285527
-2.5001553899214	34.104072461028
-2.4659066859499	34.180349921145
-2.4316579819784	34.256244665525
-2.3974092780069	34.332433728913
-2.3631605740353	34.408024313685
-2.3289118700638	34.480841712801
-2.2946631660923	34.552103257982
-2.2604144621208	34.621884080822
-2.2261657581492	34.684693802918
-2.1919170541777	34.747166989262
-2.1576683502062	34.802580121165
-2.1234196462347	34.853070867513
-2.0891709422631	34.902724318937
-2.0549222382916	34.938250743209
-2.0206735343201	34.973719046415
-1.9864248303486	35.000665762230
-1.9521761263770	35.019182342435
-1.9179274224055	35.037709803909
-1.8836787184340	35.039004601717
-1.8494300144624	35.039551611867
-1.8151813104909	35.032700486299
-1.7809326065194	35.015335741458
-1.7466839025479	34.997936245215
-1.7124351985763	34.966029179351
-1.6781864946048	34.931859286151
-1.6439377906333	34.892914865641
-1.6096890866618	34.844219450693
-1.5754403826902	34.795338249127
-1.5411916787187	34.737580212966
-1.5069429747472	34.677216232086
-1.4726942707756	34.614857416446
-1.4384455668041	34.546655084828
-1.4041968628326	34.478311176805
-1.3699481588611	34.407209652665
-1.3356994548895	34.334944652223
-1.3014507509180	34.262624576830
-1.2672020469465	34.190014968809
-1.2329533429750	34.117623704438
-1.1987046390034	34.046787657153
-1.1644559350319	33.977173454579
-1.1302072310604	33.908255745306
-1.0959585270889	33.843362865490
-1.0617098231173	33.779045914091
-1.0274611191458	33.717627748691
-0.99321241517427	33.658898506642
-0.95896371120275	33.600792169328
-0.92471500723122	33.547250227579
-0.89046630325969	33.494294393699
-0.85621759928817	33.443191837660
-0.82196889531664	33.394164973702
-0.78772019134512	33.345432906233
-0.75347148737359	33.298527817995
-0.71922278340206	33.251855357891
-0.68497407943054	33.205433870789
-0.65072537545901	33.159303984658
-0.61647667148748	33.112999183482
-0.58222796751595	33.066441840241
-0.54797926354443	33.019624783616
-0.51373055957290	32.972555175737
-0.47948185560137	32.925320197030
-0.44523315162985	32.877972892029
-0.41098444765832	32.831240494748
-0.37673574368679	32.785010704067
-0.34248703971527	32.739514846740
-0.30823833574374	32.696787689084
-0.27398963177221	32.654950658443
-0.23974092780069	32.617099852551
-0.20549222382916	32.582529355342
-0.17124351985763	32.550192819295
-0.13699481588611	32.526042455261
-0.10274611191458	32.504188274044
-0.068497407943052	32.489228741169
-0.034248703971528	32.480720255046
0.0000000000000	32.474924276313
0.034248703971528	32.480720255046
0.068497407943052	32.489228741169
0.10274611191458	32.504188274044
0.13699481588610	32.526042455261
0.17124351985763	32.550192819295
0.20549222382916	32.582529355342
0.23974092780069	32.617099852551
0.27398963177221	32.654950658443
0.30823833574374	32.696787689084
0.34248703971527	32.739514846740
0.37673574368679	32.785010704067
0.41098444765832	32.831240494748
0.44523315162985	32.877972892029
0.47948185560137	32.925320197030
0.51373055957290	32.972555175737
0.54797926354443	33.019624783616
0.58222796751595	33.066441840241
0.61647667148748	33.112999183482
0.65072537545901	33.159303984658
0.68497407943054	33.205433870789
0.71922278340206	33.251855357891
0.75347148737359	33.298527817995
0.78772019134512	33.345432906233
0.82196889531664	33.394164973702
0.85621759928817	33.443191837660
0.89046630325969	33.494294393699
0.92471500723122	33.547250227579
0.95896371120275	33.600792169328
0.99321241517427	33.658898506642
1.0274611191458	33.717627748691
1.0617098231173	33.779045914091
1.0959585270889	33.843362865490
1.1302072310604	33.908255745306
1.1644559350319	33.977173454579
1.1987046390034	34.046787657153
1.2329533429750	34.117623704438
1.2672020469465	34.190014968809
1.3014507509180	34.262624576830
1.3356994548895	34.334944652223
1.3699481588611	34.407209652665
1.4041968628326	34.478311176805
1.4384455668041	34.546655084828
1.4726942707756	34.614857416446
1.5069429747472	34.677216232086
1.5411916787187	34.737580212966
1.5754403826902	34.795338249127
1.6096890866618	34.844219450693
1.6439377906333	34.892914865641
1.6781864946048	34.931859286151
1.7124351985763	34.966029179351
1.7466839025479	34.997936245215
1.7809326065194	35.015335741458
1.8151813104909	35.032700486299
1.8494300144624	35.039551611867
1.8836787184340	35.039004601717
1.9179274224055	35.037709803909
1.9521761263770	35.019182342435
1.9864248303486	35.000665762230
2.0206735343201	34.973719046415
2.0549222382916	34.938250743209
2.0891709422631	34.902724318937
2.1234196462347	34.853070867513
2.1576683502062	34.802580121165
2.1919170541777	34.747166989262
2.2261657581492	34.684693802918
2.2604144621208	34.621884080822
2.2946631660923	34.552103257982
2.3289118700638	34.480841712801
2.3631605740353	34.408024313685
2.3974092780069	34.332433728913
2.4316579819784	34.256244665525
2.4659066859499	34.180349921145
2.5001553899214	34.104072461028
2.5344040938930	34.028448285527
2.5686527978645	33.956370147499
2.6029015018360	33.883693867699
2.6371502058076	33.816906095895
2.6713989097791	33.752486532032
2.7056476137506	33.689843658057
2.7398963177221	33.637207565448
2.7741450216937	33.584279131522
2.8083937256652	33.541265594811
2.8426424296367	33.503317344663
2.8768911336082	33.467834904582
2.9111398375798	33.447156032873
2.9453885415513	33.426554443498
2.9796372455228	33.417761744875
3.0138859494944	33.415958289779
3.0481346534659	33.416502614400
3.0823833574374	33.433856015761
3.1166320614089	33.451343310444
3.1508807653805	33.479841759239
3.1851294693520	33.515605731937
3.2193781733235	33.552750533819
3.2536268772950	33.604799305413
3.2878755812666	33.656626856901
3.3221242852381	33.715968888244
3.3563729892096	33.780772163792
3.3906216931811	33.845660276985
3.4248703971527	33.919444655068
3.4591191011242	33.992610627365
3.4933678050957	34.068129997682
3.5276165090673	34.145527138663
3.5618652130388	34.222261862097
3.5961139170103	34.298961776951
3.6303626209818	34.375037254125
3.6646113249534	34.448275118463
3.6988600289249	34.518846710511
3.7331087328964	34.588960531064
3.7673574368679	34.649516204694
3.8016061408395	34.709753862697
3.8358548448110	34.763299821933
3.8701035487825	34.809651656769
3.9043522527540	34.856005548363
3.9386009567256	34.885931931088
3.9728496606971	34.915351249563
4.0070983646686	34.936206275121
4.0413470686402	34.946347793602
4.0755957726117	34.956774623785
4.1098444765832	34.947931566783
4.1440931805547	34.937833554789
4.1783418845263	34.919301805913
4.2125905884978	34.888533418811
4.2468392924693	34.857874976273
4.2810879964408	34.809574895841
4.3153367004124	34.759096643392
4.3495854043839	34.701984639541
4.3838341083554	34.633972684034
4.4180828123269	34.565500506122
4.4523315162985	34.485197217200
4.4865802202700	34.402383447160
4.5208289242415	34.315992380987
4.5550776282131	34.223469882656
4.5893263321846	34.129951859156
4.6235750361561	34.033636968172
4.6578237401276	33.935908302293
4.6920724440992	33.838450405823
4.7263211480707	33.742900327343
4.7605698520422	33.646391620992
4.7948185560137	33.557580288008
4.8290672599853	33.470211030889
4.8633159639568	33.386987308947
4.8975646679283	33.315304405022
4.9318133718998	33.243382935650
4.9660620758714	33.188096288445
5.0003107798429	33.137929214889
5.0345594838144	33.094410686139
5.0688081877860	33.070054923101
5.1030568917575	33.046143981747
5.1373055957290	33.042582288887
5.1715542997005	33.046482028602
5.2058030036721	33.056802622834
5.2400517076436	33.088007218973
5.2743004116151	33.119476231998
5.3085491155866	33.167404247270
5.3427978195582	33.222924379471
5.3770465235297	33.280929005166
5.4112952275012	33.355350574389
5.4455439314727	33.429251201871
5.4797926354443	33.510491188202
5.5140413394158	33.596443237321
5.5482900433873	33.681876206360
5.5825387473589	33.772792796775
5.6167874513304	33.862768376048
5.6510361553019	33.951692767820
5.6852848592734	34.039601393472
5.7195335632450	34.126644713722
5.7537822672165	34.206402045915
5.7880309711880	34.285187377759
5.8222796751595	34.358198103282
5.8565283791311	34.423349392445
5.8907770831026	34.488127073657
5.9250257870741	34.537797883450
5.9592744910456	34.585025421026
5.9935231950172	34.625661325525
6.0277718989887	34.652466807085
6.0620206029602	34.679359286860
6.0962693069318	34.689281092731
6.1305180109033	34.694370711166
6.1647667148748	34.694526380640
6.1990154188463	34.677634155121
6.2332641228179	34.660846730620
6.2675128267894	34.629770840109
6.3017615307609	34.591995792484
6.3360102347324	34.551599792857
6.3702589387040	34.495120480092
6.4045076426755	34.438327968895
6.4387563466470	34.372434076293
6.4730050506185	34.300000142192
6.5072537545901	34.226485744183
6.5415024585616	34.142578808768
6.5757511625331	34.057857359409
6.6099998665047	33.969747786801
6.6442485704762	33.878184445370
6.6784972744477	33.785646110658
6.7127459784192	33.692447135402
6.7469946823908	33.598261697962
6.7812433863623	33.505422375543
6.8154920903338	33.414997906539
6.8497407943053	33.323643535901
6.8839894982769	33.240779920061
6.9182382022484	33.158591505809
6.9524869062199	33.080602546382
6.9867356101914	33.012395282435
7.0209843141630	32.943678137711
7.0552330181345	32.889307557203
7.0894817221060	32.838875226772
7.1237304260776	32.793240213615
7.1579791300491	32.764131624235
7.1922278340206	32.734932349656
7.2264765379921	32.721682496757
7.2607252419637	32.715690431107
7.2949739459352	32.713047380887
7.3292226499067	32.730496276233
7.3634713538782	32.747910911380
7.3977200578498	32.778528707694
7.4319687618213	32.817908006991
7.4662174657928	32.858141999610
7.5004661697644	32.916473633075
7.5347148737359	32.974432659663
7.5689635777074	33.039748538308
7.6032122816789	33.112023287725
7.6374609856505	33.183725476249
7.6717096896220	33.264471767509
7.7059583935935	33.344866936405
7.7402070975650	33.426295704369
7.7744558015366	33.509403069244
7.8087045055081	33.591736823284
7.8429532094796	33.671759904889
7.8772019134511	33.750829398368
7.9114506174227	33.826807012537
7.9456993213942	33.897153853537
7.9799480253657	33.966936522150
8.0141967293373	34.026783536099
8.0484454333088	34.083509242028
8.0826941372803	34.136317544705
8.1169428412518	34.176781093371
8.1511915452234	34.217070192779
8.1854402491949	34.245246466279
8.2196889531664	34.267738153925
8.2539376571379	34.287848025718
8.2881863611095	34.292393748273
8.3224350650810	34.297014686977
8.3566837690525	34.291958399475
8.3909324730240	34.280052939223
8.4251811769956	34.267750834331
8.4594298809671	34.241946925160
8.4936785849386	34.216249496032
8.5279272889101	34.185521096717
8.5621759928817	34.149492321381
8.5964246968532	34.113543492216
8.6306734008247	34.071643886443
8.6649221047963	34.029407294317
8.6991708087678	33.986325664387
8.7334195127393	33.941885182048
8.7676682167108	33.897452265705
8.8019169206824	33.854219284852
8.8361656246539	33.811174439188
8.8704143286254	33.769375057160
8.9046630325969	33.730540169737
8.9389117365685	33.691632132987
8.9731604405400	33.657309498503
9.0074091445115	33.624450477637
9.0416578484831	33.592947919809
9.0759065524546	33.567083609652
9.1101552564261	33.541143450523
9.1444039603976	33.519945912584
9.1786526643692	33.501274304267
9.2129013683407	33.483343597342
9.2471500723122	33.471716671739
9.2813987762837	33.460209579340
9.3156474802553	33.452374433877
9.3498961842268	33.447581804312
9.3841448881983	33.443128953752
9.4183935921698	33.444457340469
9.4526422961414	33.446212793832
9.4868910001129	33.450539153781
9.5211397040844	33.457849822440
9.5553884080560	33.465691049637
9.5896371120275	33.477403485252
9.6238858159990	33.489982177536
9.6581345199705	33.504047998728
9.6923832239421	33.520234461798
9.7266319279136	33.536926802490
9.7608806318851	33.555113280331
9.7951293358566	33.573917522253
9.8293780398282	33.593046551811
9.8636267437997	33.612310202689
9.8978754477712	33.631815946926
9.9321241517427	33.650217701199
9.9663728557143	33.668235911997
10.000621559686	33.685749180277
10.034870263657	33.700484533222
10.069118967629	33.715236342679
10.103367671600	33.726898518854
10.137616375572	33.736730800310
10.171865079543	33.746055729359
10.206113783515	33.749849987290
10.240362487486	33.753673316168
10.274611191458	33.753814643971
10.308859895430	33.751152620361
10.343108599401	33.748358566091
10.377357303373	33.739366882985
10.411606007344	33.730644588600
10.445854711316	33.719114745373
10.480103415287	33.705109071671
10.514352119259	33.691536508818
10.548600823230	33.673820141685
10.582849527202	33.656674475554
10.617098231173	33.638774080341
10.651346935145	33.620057204533
10.685595639116	33.602058325842
10.719844343088	33.584005259519
10.754093047059	33.566685263021
10.788341751031	33.550632957295
10.822590455002	33.535975948064
10.856839158974	33.522070177389
10.891087862945	33.511357151205
10.925336566917	33.501524579055
10.959585270889	33.493759608239
10.993833974860	33.488756914057
11.028082678832	33.484210055365
11.062331382803	33.483470494644
11.096580086775	33.483515546758
11.130828790746	33.484998013405
11.165077494718	33.488866223889
11.199326198689	33.492822604582
11.233574902661	33.498772333081
11.267823606632	33.505138572681
11.302072310604	33.511761305511
11.336321014575	33.518986002586
11.370569718547	33.526226167323
11.404818422518	33.532869033426
11.439067126490	33.539455595701
11.473315830461	33.545546210689
11.507564534433	33.550095315065
11.541813238405	33.554952084976
11.576061942376	33.557387780850
11.610310646348	33.559336792097
11.644559350319	33.560779746300
11.678808054291	33.559139013249
11.713056758262	33.558200044218
11.747305462234	33.554341115558
11.781554166205	33.549695830546
11.815802870177	33.544965434266
11.850051574148	33.536689132156
11.884300278120	33.529293337558
11.918548982091	33.519524208253
11.952797686063	33.508856455607
11.987046390034	33.498473675108
12.021295094006	33.485102573326
12.055543797977	33.472456277818
12.089792501949	33.458410765979
12.124041205920	33.443576969060
12.158289909892	33.429081628275
12.192538613864	33.412756916584
12.226787317835	33.396784593830
12.261036021807	33.380279233804
12.295284725778	33.363296728898
12.329533429750	33.346454363904
12.363782133721	33.329060992845
12.398030837693	33.311699598163
12.432279541664	33.294373721565
12.466528245636	33.277033498781
12.500776949607	33.259661502965
12.535025653579	33.242830984562
12.569274357550	33.225991667073
12.603523061522	33.209569238610
12.637771765493	33.193766497229
12.672020469465	33.178067144362
12.706269173436	33.163606651195
12.740517877408	33.149585636571
12.774766581379	33.136304583263
12.809015285351	33.124462613505
12.843263989323	33.113134501962
12.877512693294	33.103593020564
12.911761397266	33.095194487766
12.946010101237	33.087885545775
12.980258805209	33.082965319605
13.014507509180	33.078982794220
13.048756213152	33.077288402360
13.083004917123	33.077459724650
13.117253621095	33.078830321906
13.151502325066	33.083602115402
13.185751029038	33.089464131697
13.219999733009	33.097773169390
13.254248436981	33.108518717338
13.288497140952	33.120280479624
13.322745844924	33.135779524760
13.356994548895	33.152348296976
13.391243252867	33.170874041385
13.425491956838	33.192017229158
13.459740660810	33.213794849634
13.493989364782	33.238423119058
13.528238068753	33.264013785152
13.562486772725	33.290548539035
13.596735476696	33.319097634431
13.630984180668	33.347816159827
13.665232884639	33.377657494191
13.699481588611	33.407986282454
13.733730292582	33.438341093137
13.767978996554	33.468862302667
13.802227700525	33.499295034952
13.836476404497	33.528920286383
13.870725108468	33.557864989549
13.904973812440	33.586718222188
13.939222516411	33.612445346104
13.973471220383	33.638112357731
14.007719924354	33.661626926798
14.041968628326	33.682311855420
14.076217332297	33.703109710492
14.110466036269	33.718032181282
14.144714740241	33.732245120626
14.178963444212	33.744110608572
14.213212148184	33.750146121823
14.247460852155	33.756619420625
14.281709556127	33.755953046216
14.315958260098	33.753090053291
14.350206964070	33.748855713940
14.384455668041	33.735738418740
14.418704372013	33.723290640284
14.452953075984	33.704236466527
14.487201779956	33.681154898997
14.521450483927	33.658262846338
14.555699187899	33.624655888919
14.589947891870	33.591712537608
14.624196595842	33.554067272108
14.658445299813	33.511184427281
14.692694003785	33.468870373757
14.726942707756	33.418188777878
14.761191411728	33.367106895982
14.795440115700	33.313006318162
14.829688819671	33.254839211704
14.863937523643	33.196896210667
14.898186227614	33.133640995217
14.932434931586	33.070216957423
14.966683635557	33.005181861742
15.000932339529	32.938336016869
15.035181043500	32.871289018712
15.069429747472	32.803211262159
15.103678451443	32.734776841616
15.137927155415	32.666899686289
15.172175859386	32.599348209639
15.206424563358	32.531624788906
15.240673267329	32.467218418253
15.274921971301	32.402335623412
15.309170675272	32.340745035076
15.343419379244	32.281289969618
15.377668083215	32.222460591403
15.411916787187	32.170657242718
15.446165491159	32.118638978636
15.480414195130	32.073065545681
15.514662899102	32.031101789716
15.548911603073	31.991258220114
15.583160307045	31.961458416747
15.617409011016	31.932005116404
15.651657714988	31.912334863143
15.685906418959	31.897296027125
15.720155122931	31.886212459310
15.754403826902	31.887278897112
15.788652530874	31.889187318120
15.822901234845	31.903790724482
15.857149938817	31.923227137368
15.891398642788	31.948131356383
15.925647346760	31.985785244829
15.959896050731	32.024256324512
15.994144754703	32.076872933031
16.028393458675	32.133351539681
16.062642162646	32.195731461140
16.096890866618	32.269345127448
16.131139570589	32.343106245229
16.165388274561	32.429933063288
16.199636978532	32.518682159892
16.233885682504	32.612207988803
16.268134386475	32.713424818729
16.302383090447	32.813855374414
16.336631794418	32.923244143729
16.370880498390	33.032501898856
16.405129202361	33.143872603095
16.439377906333	33.258202793259
16.473626610304	33.371140879703
16.507875314276	33.486171139927
16.542124018247	33.599879123691
16.576372722219	33.711804205861
16.610621426190	33.821952092452
16.644870130162	33.930680507990
16.679118834134	34.032838765379
16.713367538105	34.133817141650
16.747616242077	34.228373619823
16.781864946048	34.317400347393
16.816113650020	34.404437221235
16.850362353991	34.477637749398
16.884611057963	34.550292510511
16.918859761934	34.611097875416
16.953108465906	34.664763725910
16.987357169877	34.714594663570
17.021605873849	34.746330157843
17.055854577820	34.778080598478
17.090103281792	34.792637142480
17.124351985763	34.800326868242
17.158600689735	34.801540954303
17.192849393706	34.783544957766
17.227098097678	34.765685083928
17.261346801649	34.726566450000
17.295595505621	34.682042490609
17.329844209593	34.628406372715
17.364092913564	34.557126818920
17.398341617536	34.485458298967
17.432590321507	34.391059715949
17.466839025479	34.292953559789
17.501087729450	34.184199357911
17.535336433422	34.061254967004
17.569585137393	33.936757290159
17.603833841365	33.791955653206
17.638082545336	33.644443304243
17.672331249308	33.487080875419
17.706579953279	33.319938415423
17.740828657251	33.149184480268
17.775077361222	32.966687411707
17.809326065194	32.780530320132
17.843574769165	32.588833149160
17.877823473137	32.391930578358
17.912072177108	32.191341261115
17.946320881080	31.989672829740
17.980569585052	31.783518489216
18.014818289023	31.580394082847
18.049066992995	31.376163149518
18.083315696966	31.171687464878
18.117564400938	30.976690729870
18.151813104909	30.777531746162
18.186061808881	30.593901736793
18.220310512852	30.412172853714
18.254559216824	30.237175833949
18.288807920795	30.080369007836
18.323056624767	29.920921249609
18.357305328738	29.791220069216
18.391554032710	29.664542765761
18.425802736681	29.553319096311
18.460051440653	29.465095531002
18.494300144624	29.376046633941
18.528548848596	29.328623372098
18.562797552567	29.282726983915
18.597046256539	29.259792933113
18.631294960511	29.259591982386
18.665543664482	29.259391042726
18.699792368454	29.304090379742
18.734041072425	29.349803842039
18.768289776397	29.414777197672
18.802538480368	29.503635429311
18.836787184340	29.591691893497
18.871035888311	29.715537302877
18.905284592283	29.841315809374
18.939533296254	29.978980957215
18.973782000226	30.136328538218
19.008030704197	30.291164551606
19.042279408169	30.468559971133
19.076528112140	30.647088460590
19.110776816112	30.829819596751
19.145025520083	31.024748481520
19.179274224055	31.215822548208
19.213522928026	31.416310318073
19.247771631998	31.616178215021
19.282020335970	31.814661041417
19.316269039941	32.016728967448
19.350517743913	32.214677992873
19.384766447884	32.411786753213
19.419015151856	32.606173361677
19.453263855827	32.796522649549
19.487512559799	32.982343704178
19.521761263770	33.164744744950
19.556009967742	33.339918381059
19.590258671713	33.510168537750
19.624507375685	33.676245460247
19.658756079656	33.831160964109
19.693004783628	33.983806940743
19.727253487599	34.126353962732
19.761502191571	34.261913840072
19.795750895542	34.394686914818
19.829999599514	34.511619201724
19.864248303485	34.627388191231
19.898497007457	34.732788078670
19.932745711429	34.829549607391
19.966994415400	34.925407028071
20.001243119372	35.002922247051
20.035491823343	35.080049251021
20.069740527315	35.148126678868
20.103989231286	35.206584450717
20.138237935258	35.264885621830
20.172486639229	35.306291557941
20.206735343201	35.346766163911
20.240984047172	35.380346262834
20.275232751144	35.404360750662
20.309481455115	35.428417444030
20.343730159087	35.438092855156
20.377978863058	35.447358559722
20.412227567030	35.449703105883
20.446476271001	35.445679482749
20.480724974973	35.440818562019
20.514973678945	35.425232016542
20.549222382916	35.409618612742
20.583471086888	35.387923442964
20.617719790859	35.362550612568
20.651968494831	35.335744979755
20.686217198802	35.302514136087
20.720465902774	35.269210414568
20.754714606745	35.231577945240
20.788963310717	35.192311148622
20.823212014688	35.151835891730
20.857460718660	35.108382952965
20.891709422631	35.064919287876
20.925958126603	35.019300105753
20.960206830574	34.973294918804
20.994455534546	34.926818768366
21.028704238517	34.879593387311
21.062952942489	34.832478234496
21.097201646460	34.785044621404
21.131450350432	34.737730096158
21.165699054404	34.690623581384
21.199947758375	34.643724877781
21.234196462347	34.597001755473
21.268445166318	34.550798395703
21.302693870290	34.504724154465
21.336942574261	34.459033762404
21.371191278233	34.413592173383
21.405439982204	34.368264426762
21.439688686176	34.323219093840
21.473937390147	34.278159944506
21.508186094119	34.233137269371
21.542434798090	34.188045420565
21.576683502062	34.142815177346
21.610932206033	34.097328654289
21.645180910005	34.051656672889
21.679429613976	34.005506604483
21.713678317948	33.959052564258
21.747927021919	33.912190452660
21.782175725891	33.864722623541
21.816424429863	33.816991458407
21.850673133834	33.768472197533
21.884921837806	33.719607417475
21.919170541777	33.670224252487
21.953419245749	33.620156867521
21.987667949720	33.569875666309
22.021916653692	33.518629701108
22.056165357663	33.467125869540
22.090414061635	33.415026232279
22.124662765606	33.362174411528
22.158911469578	33.309201470841
22.193160173549	33.254839676591
22.227408877521	33.200289546338
22.261657581492	33.144820086406
22.295906285464	33.088263285244
22.330154989435	33.031596310504
22.364403693407	32.972490700740
22.398652397378	32.913166930140
22.432901101350	32.852165025726
22.467149805322	32.789414841881
22.501398509293	32.726322432651
22.535647213265	32.659263659914
22.569895917236	32.591817050737
22.604144621208	32.521547971577
22.638393325179	32.448745387475
22.672642029151	32.375058667906
22.706890733122	32.295998463185
22.741139437094	32.216232415948
22.775388141065	32.132399282924
22.809636845037	32.045396620401
22.843885549008	31.956826830397
22.878134252980	31.861842105791
22.912382956951	31.765820123944
22.946631660923	31.664668459415
22.980880364894	31.559889641078
23.015129068866	31.453001617083
23.049377772837	31.338984826701
23.083626476809	31.223607441466
23.117875180781	31.102362712681
23.152123884752	30.977149631358
23.186372588724	30.849296990450
23.220621292695	30.713812775267
23.254869996667	30.576593650290
23.289118700638	30.432794111943
23.323367404610	30.284618757270
23.357616108581	30.133161482055
23.391864812553	29.973475727333
23.426113516524	29.811473857250
23.460362220496	29.641970556386
23.494610924467	29.467428107835
23.528859628439	29.288659609523
23.563108332410	29.100856637819
23.597357036382	28.909730701703
23.631605740353	28.710021731714
23.665854444325	28.504245155279
23.700103148296	28.292891647597
23.734351852268	28.071755749138
23.768600556240	27.845656830041
23.802849260211	27.610186448312
23.837097964183	27.367280129644
23.871346668154	27.117125354209
23.905595372126	26.857155627010
23.939844076097	26.589816322800
23.974092780069	26.313273396909
24.008341484040	26.027755635037
24.042590188012	25.733522036933
24.076838891983	25.430435015672
24.111087595955	25.116783439270
24.145336299926	24.796501224299
24.179585003898	24.465136525637
24.213833707869	24.124814622922
24.248082411841	23.777744088855
24.282331115812	23.416382644617
24.316579819784	23.054735473349
24.350828523755	22.679257568917
24.385077227727	22.296892833488
24.419325931699	21.911146147910
24.453574635670	21.507492048921
24.487823339642	21.114393418381
24.522072043613	20.704277826983
24.556320747585	20.295632146956
24.590569451556	19.884740391210
24.624818155528	19.461457576494
24.659066859499	19.056787562119
24.693315563471	18.632767003167
24.727564267442	18.230856118656
24.761812971414	17.822946571284
24.796061675385	17.419877864591
24.830310379357	17.037736121314
24.864559083328	16.639310584100
24.898807787300	16.288099964110
24.933056491271	15.923825712477
24.967305195243	15.753406700162
25.001553899214	15.581460955066
