#Parameters = {BeamSourceOriginX=0; BeamSourceOriginY=0; BeamSourceOriginZ=115.79674639889; D=50.003107798429; PML_offset=0; R=61.548; alpha=90; angle_20dB=11.769; beam_f=-234.79674639889; beam_w=1.94; f=120; n=1.5129; phi=0; source_dist=115.79674639889; th=5.3067463988873; th2=8; theta=0}
#"X / mm"	"power (f=150) (fsGBMacro_3331027.311nm(1,0),(0.0))_Abs (X) [Magnitude / dB]"
#--------------------------------------------------------------------------------------
-25.001553899214	22.292640727970
-24.967305195243	22.586948937496
-24.933056491271	22.872949688376
-24.898807787300	23.415363840061
-24.864559083328	23.929880253875
-24.830310379357	24.453924497743
-24.796061675385	24.948871963938
-24.761812971414	25.432641293893
-24.727564267442	25.900014657947
-24.693315563471	26.348425014260
-24.659066859499	26.792002490186
-24.624818155528	27.215071972272
-24.590569451556	27.644739035360
-24.556320747585	28.061466449942
-24.522072043613	28.481612339923
-24.487823339642	28.910148171441
-24.453574635670	29.324449683064
-24.419325931699	29.782096014939
-24.385077227727	30.219290107744
-24.350828523755	30.683122877855
-24.316579819784	31.156609991213
-24.282331115812	31.616088187603
-24.248082411841	32.130265341530
-24.213833707869	32.615874618579
-24.179585003898	33.133871317345
-24.145336299926	33.654645761303
-24.111087595955	34.160748945005
-24.076838891983	34.712580815510
-24.042590188012	35.232351774752
-24.008341484040	35.780108113453
-23.974092780069	36.321391592136
-23.939844076097	36.848047138857
-23.905595372126	37.399922674038
-23.871346668154	37.921465034643
-23.837097964183	38.455180064420
-23.802849260211	38.973760239787
-23.768600556240	39.474938889440
-23.734351852268	39.975146540891
-23.700103148296	40.450595161281
-23.665854444325	40.913659103520
-23.631605740353	41.358074770872
-23.597357036382	41.780583047507
-23.563108332410	42.180369671537
-23.528859628439	42.563941681928
-23.494610924467	42.912805204389
-23.460362220496	43.244535138149
-23.426113516524	43.552414173740
-23.391864812553	43.824006857370
-23.357616108581	44.087877338645
-23.323367404610	44.303127398343
-23.289118700638	44.504857176835
-23.254869996667	44.682840757151
-23.220621292695	44.819535219077
-23.186372588724	44.954216875166
-23.152123884752	45.035280558042
-23.117875180781	45.106255334980
-23.083626476809	45.154749898625
-23.049377772837	45.163428569352
-23.015129068866	45.172101598043
-22.980880364894	45.129770693057
-22.946631660923	45.079338631257
-22.912382956951	45.008449866405
-22.878134252980	44.903373212485
-22.843885549008	44.797016399339
-22.809636845037	44.648151356704
-22.775388141065	44.491403500256
-22.741139437094	44.316544610001
-22.706890733122	44.115688627746
-22.672642029151	43.910088569164
-22.638393325179	43.673966028091
-22.604144621208	43.429358992602
-22.569895917236	43.170423590100
-22.535647213265	42.894615133372
-22.501398509293	42.609901529238
-22.467149805322	42.311785173270
-22.432901101350	42.003356405708
-22.398652397378	41.688462191241
-22.364403693407	41.367108846264
-22.330154989435	41.034881062231
-22.295906285464	40.713276709664
-22.261657581492	40.381080624008
-22.227408877521	40.057653913367
-22.193160173549	39.741696377036
-22.158911469578	39.420121001642
-22.124662765606	39.137285803330
-22.090414061635	38.848843640460
-22.056165357663	38.590866610649
-22.021916653692	38.355131281203
-21.987667949720	38.124820577337
-21.953419245749	37.954219688691
-21.919170541777	37.783850894011
-21.884921837806	37.658813535052
-21.850673133834	37.560762843063
-21.816424429863	37.474457436125
-21.782175725891	37.447511498209
-21.747927021919	37.421104419301
-21.713678317948	37.438554638425
-21.679429613976	37.476676187818
-21.645180910005	37.525996340937
-21.610932206033	37.620843470183
-21.576683502062	37.715196698396
-21.542434798090	37.845888401171
-21.508186094119	37.988322821867
-21.473937390147	38.142213583632
-21.439688686176	38.323291540327
-21.405439982204	38.503643933116
-21.371191278233	38.708432905908
-21.336942574261	38.916405956804
-21.302693870290	39.130607871144
-21.268445166318	39.354249812431
-21.234196462347	39.575863181397
-21.199947758375	39.802626662779
-21.165699054404	40.027122895318
-21.131450350432	40.247438727942
-21.097201646460	40.463510040422
-21.062952942489	40.675833302251
-21.028704238517	40.873638838461
-20.994455534546	41.068572632752
-20.960206830574	41.248082194390
-20.925958126603	41.417181399243
-20.891709422631	41.579323785860
-20.857460718660	41.716749092826
-20.823212014688	41.852352183555
-20.788963310717	41.963112366430
-20.754714606745	42.063625964314
-20.720465902774	42.153352914626
-20.686217198802	42.216269864776
-20.651968494831	42.278742714203
-20.617719790859	42.309676119109
-20.583471086888	42.333974721272
-20.549222382916	42.343870581588
-20.514973678945	42.329915453066
-20.480724974973	42.316528787480
-20.446476271001	42.268098388681
-20.412227567030	42.217683937629
-20.377978863058	42.150351796530
-20.343730159087	42.064549792683
-20.309481455115	41.978707958117
-20.275232751144	41.859652013326
-20.240984047172	41.741565248373
-20.206735343201	41.605585970449
-20.172486639229	41.456753878114
-20.138237935258	41.307334327756
-20.103989231286	41.131277291149
-20.069740527315	40.955591946697
-20.035491823343	40.768040615157
-20.001243119372	40.568820674539
-19.966994415400	40.369539919848
-19.932745711429	40.152527294419
-19.898497007457	39.934243694392
-19.864248303485	39.710733504024
-19.829999599514	39.480131516001
-19.795750895542	39.247571594144
-19.761502191571	39.012675087031
-19.727253487599	38.774590241230
-19.693004783628	38.537756431013
-19.658756079656	38.303592537021
-19.624507375685	38.065244677063
-19.590258671713	37.842391147437
-19.556009967742	37.617851259009
-19.521761263770	37.400267260867
-19.487512559799	37.201556677653
-19.453263855827	36.998314468675
-19.419015151856	36.828748600398
-19.384766447884	36.665466119474
-19.350517743913	36.515019074808
-19.316269039941	36.405346882755
-19.282020335970	36.295753513413
-19.247771631998	36.235198232343
-19.213522928026	36.194564011597
-19.179274224055	36.171830412185
-19.145025520083	36.207477828058
-19.110776816112	36.248644606434
-19.076528112140	36.339774527381
-19.042279408169	36.456974379091
-19.008030704197	36.587554232965
-18.973782000226	36.770377086718
-18.939533296254	36.955200019654
-18.905284592283	37.169475700931
-18.871035888311	37.399846859154
-18.836787184340	37.631093269180
-18.802538480368	37.888037042370
-18.768289776397	38.140099458892
-18.734041072425	38.397216176795
-18.699792368454	38.656042918612
-18.665543664482	38.908659376424
-18.631294960511	39.159778559145
-18.597046256539	39.404267912522
-18.562797552567	39.639284877673
-18.528548848596	39.865130072641
-18.494300144624	40.084693231563
-18.460051440653	40.283714430553
-18.425802736681	40.478267379336
-18.391554032710	40.654484893385
-18.357305328738	40.817380341381
-18.323056624767	40.973359932246
-18.288807920795	41.100155935687
-18.254559216824	41.225247017426
-18.220310512852	41.324899644167
-18.186061808881	41.412110808074
-18.151813104909	41.490356539242
-18.117564400938	41.538279329077
-18.083315696966	41.586188023736
-18.049066992995	41.604483678561
-18.014818289023	41.613682213941
-17.980569585052	41.611717180055
-17.946320881080	41.583831815623
-17.912072177108	41.556153432073
-17.877823473137	41.499572656827
-17.843574769165	41.437669019956
-17.809326065194	41.364169790425
-17.775077361222	41.272413965703
-17.740828657251	41.179970529217
-17.706579953279	41.065313340313
-17.672331249308	40.947917367786
-17.638082545336	40.821725030648
-17.603833841365	40.685721159138
-17.569585137393	40.547614754395
-17.535336433422	40.399854802827
-17.501087729450	40.249755504128
-17.466839025479	40.097274747075
-17.432590321507	39.942275946345
-17.398341617536	39.785487626602
-17.364092913564	39.632773803904
-17.329844209593	39.477449436187
-17.295595505621	39.328943147087
-17.261346801649	39.182997575138
-17.227098097678	39.038724088642
-17.192849393706	38.908537226151
-17.158600689735	38.776419092878
-17.124351985763	38.661105106731
-17.090103281792	38.550778639137
-17.055854577820	38.447285914080
-17.021605873849	38.363003380981
-16.987357169877	38.277908305472
-16.953108465906	38.217403262321
-16.918859761934	38.161602815571
-16.884611057963	38.117074544412
-16.850362353991	38.091586414378
-16.816113650020	38.066024640490
-16.781864946048	38.067947781152
-16.747616242077	38.072223018998
-16.713367538105	38.089403871200
-16.679118834134	38.121328623662
-16.644870130162	38.153138289052
-16.610621426190	38.209141636654
-16.576372722219	38.265002850034
-16.542124018247	38.331215473423
-16.507875314276	38.406853690041
-16.473626610304	38.482541572791
-16.439377906333	38.573096177640
-16.405129202361	38.662736031048
-16.370880498390	38.757984101768
-16.336631794418	38.857109400292
-16.302383090447	38.955737794717
-16.268134386475	39.059002106941
-16.233885682504	39.161082267768
-16.199636978532	39.262644528609
-16.165388274561	39.363446987631
-16.131139570589	39.462480046883
-16.096890866618	39.556744860875
-16.062642162646	39.650006759772
-16.028393458675	39.735932329421
-15.994144754703	39.817928982225
-15.959896050731	39.896375242184
-15.925647346760	39.962868996531
-15.891398642788	40.028861748529
-15.857149938817	40.081590819634
-15.822901234845	40.129151979543
-15.788652530874	40.171528023267
-15.754403826902	40.198845088990
-15.720155122931	40.226148869961
-15.685906418959	40.237696313080
-15.651657714988	40.244774858587
-15.617409011016	40.246303845954
-15.583160307045	40.234746776747
-15.548911603073	40.223395691948
-15.514662899102	40.199248567918
-15.480414195130	40.172562192844
-15.446165491159	40.142192402387
-15.411916787187	40.104815155839
-15.377668083215	40.067595074749
-15.343419379244	40.025712606784
-15.309170675272	39.983241109952
-15.274921971301	39.940998870219
-15.240673267329	39.898997386389
-15.206424563358	39.857004590383
-15.172175859386	39.820324120585
-15.137927155415	39.784007647057
-15.103678451443	39.752201861935
-15.069429747472	39.725808228364
-15.035181043500	39.699357137910
-15.000932339529	39.685434026204
-14.966683635557	39.671745667146
-14.932434931586	39.665093994305
-14.898186227614	39.665374676926
-14.863937523643	39.666147379816
-14.829688819671	39.679967263096
-14.795440115700	39.693960045832
-14.761191411728	39.714498355380
-14.726942707756	39.740337475006
-14.692694003785	39.767124422344
-14.658445299813	39.801803991779
-14.624196595842	39.836783203213
-14.589947891870	39.874343521833
-14.555699187899	39.914307556082
-14.521450483927	39.954554720374
-14.487201779956	39.995300286079
-14.452953075984	40.036290743411
-14.418704372013	40.076041566414
-14.384455668041	40.113712617125
-14.350206964070	40.151542057440
-14.315958260098	40.183664764865
-14.281709556127	40.214686734630
-14.247460852155	40.243277820113
-14.213212148184	40.264992510925
-14.178963444212	40.286751778515
-14.144714740241	40.300938814996
-14.110466036269	40.311929980810
-14.076217332297	40.321385443862
-14.041968628326	40.321310692080
-14.007719924354	40.321236774441
-13.973471220383	40.315225742671
-13.939222516411	40.304852385622
-13.904973812440	40.294364586040
-13.870725108468	40.275405903500
-13.836476404497	40.256453777601
-13.802227700525	40.234743462191
-13.767978996554	40.209671169286
-13.733730292582	40.184625246190
-13.699481588611	40.156752649205
-13.665232884639	40.128566544359
-13.630984180668	40.100400532159
-13.596735476696	40.072234848728
-13.562486772725	40.044157680167
-13.528238068753	40.018360220049
-13.493989364782	39.993367320381
-13.459740660810	39.969563938674
-13.425491956838	39.950260536401
-13.391243252867	39.931093314093
-13.356994548895	39.916712924473
-13.322745844924	39.905160658232
-13.288497140952	39.894332375194
-13.254248436981	39.891442559943
-13.219999733009	39.888663743095
-13.185751029038	39.890326667124
-13.151502325066	39.896284336164
-13.117253621095	39.902311132460
-13.083004917123	39.915779498458
-13.048756213152	39.929708894243
-13.014507509180	39.946084146743
-12.980258805209	39.966403795317
-12.946010101237	39.986689701530
-12.911761397266	40.010554120931
-12.877512693294	40.035164160162
-12.843263989323	40.060264476815
-12.809015285351	40.086933170668
-12.774766581379	40.113521589351
-12.740517877408	40.140008383249
-12.706269173436	40.166416862000
-12.672020469465	40.192498455629
-12.637771765493	40.216730340435
-12.603523061522	40.240933668527
-12.569274357550	40.263035955434
-12.535025653579	40.283542318225
-12.500776949607	40.304071361264
-12.466528245636	40.319815190743
-12.432279541664	40.335635538762
-12.398030837693	40.348915312179
-12.363782133721	40.359453238961
-12.329533429750	40.370113779549
-12.295284725778	40.375475675479
-12.261036021807	40.380744551470
-12.226787317835	40.383763868350
-12.192538613864	40.383823856020
-12.158289909892	40.384042029826
-12.124041205920	40.379787922764
-12.089792501949	40.375237665391
-12.055543797977	40.369113710012
-12.021295094006	40.360445463579
-11.987046390034	40.351880409934
-11.952797686063	40.340358911021
-11.918548982091	40.328440786375
-11.884300278120	40.315720544418
-11.850051574148	40.301426110432
-11.815802870177	40.287142424629
-11.781554166205	40.271834288210
-11.747305462234	40.256293132873
-11.713056758262	40.240763661389
-11.678808054291	40.225282363281
-11.644559350319	40.209773494565
-11.610310646348	40.195461172975
-11.576061942376	40.181470822501
-11.541813238404	40.168265595179
-11.507564534433	40.157302196595
-11.473315830461	40.146358851745
-11.439067126490	40.138701036756
-11.404818422518	40.132235263043
-11.370569718547	40.127037628662
-11.336321014575	40.126218507472
-11.302072310604	40.125480959528
-11.267823606632	40.129198619763
-11.233574902661	40.134892622814
-11.199326198689	40.141822390254
-11.165077494718	40.154196925744
-11.130828790746	40.166635651858
-11.096580086775	40.183208653162
-11.062331382803	40.201957837948
-11.028082678832	40.221442768046
-10.993833974860	40.245548976826
-10.959585270889	40.269632161387
-10.925336566917	40.296069032429
-10.891087862945	40.323957573975
-10.856839158974	40.351963372618
-10.822590455002	40.381715028891
-10.788341751031	40.411378764456
-10.754093047059	40.440846101422
-10.719844343088	40.470138434709
-10.685595639116	40.499221158696
-10.651346935145	40.525850069235
-10.617098231173	40.552398734543
-10.582849527202	40.576435153454
-10.548600823230	40.598215902635
-10.514352119259	40.619916930404
-10.480103415287	40.635240996526
-10.445854711316	40.650538219608
-10.411606007344	40.662237545206
-10.377357303373	40.670094253378
-10.343108599401	40.677944743137
-10.308859895430	40.678520631242
-10.274611191458	40.678803831217
-10.240362487486	40.676121635883
-10.206113783515	40.669653924192
-10.171865079543	40.663187761616
-10.137616375572	40.652170018760
-10.103367671600	40.640743473390
-10.069118967629	40.628447890422
-10.034870263657	40.614678907087
-10.000621559686	40.600916021175
-9.9663728557143	40.587760164144
-9.9321241517427	40.574759576388
-9.8978754477712	40.562820343274
-9.8636267437997	40.553656745599
-9.8293780398282	40.544553058231
-9.7951293358566	40.540039306993
-9.7608806318851	40.537310849768
-9.7266319279136	40.536039097281
-9.6923832239421	40.541125048817
-9.6581345199705	40.546302366008
-9.6238858159990	40.556415923786
-9.5896371120275	40.569423930670
-9.5553884080559	40.583022126772
-9.5211397040844	40.602419467835
-9.4868910001129	40.621828839928
-9.4526422961414	40.643220729481
-9.4183935921698	40.666291249150
-9.3841448881983	40.689323722517
-9.3498961842268	40.712601650405
-9.3156474802553	40.735824159133
-9.2813987762837	40.757521431263
-9.2471500723122	40.777312819534
-9.2129013683407	40.797063286704
-9.1786526643692	40.810865007433
-9.1444039603976	40.823965638505
-9.1101552564261	40.833915111413
-9.0759065524546	40.837925085661
-9.0416578484830	40.842002158451
-9.0074091445115	40.837731676672
-8.9731604405400	40.831429761825
-8.9389117365685	40.822562103412
-8.9046630325969	40.805788126006
-8.8704143286254	40.789114800119
-8.8361656246539	40.765858652510
-8.8019169206824	40.739826123249
-8.7676682167108	40.712735780697
-8.7334195127393	40.679608734925
-8.6991708087678	40.646442125927
-8.6649221047963	40.610906423990
-8.6306734008247	40.573758305904
-8.5964246968532	40.536498047781
-8.5621759928817	40.499240140490
-8.5279272889101	40.461825172930
-8.4936785849386	40.426492754643
-8.4594298809671	40.393171655756
-8.4251811769956	40.359735947066
-8.3909324730240	40.334291082974
-8.3566837690525	40.309151750576
-8.3224350650810	40.288851239818
-8.2881863611095	40.275443156225
-8.2539376571379	40.262194965557
-8.2196889531664	40.260934637405
-8.1854402491949	40.261733221076
-8.1511915452234	40.267287676286
-8.1169428412518	40.282611718012
-8.0826941372803	40.298230132833
-8.0484454333088	40.323881569863
-8.0141967293372	40.352601881884
-7.9799480253657	40.383721493880
-7.9456993213942	40.422507035478
-7.9114506174227	40.461323848141
-7.8772019134511	40.504112349025
-7.8429532094796	40.548673187280
-7.8087045055081	40.593293694094
-7.7744558015366	40.639008101638
-7.7402070975650	40.684505260534
-7.7059583935935	40.728159998004
-7.6717096896220	40.770441537589
-7.6374609856505	40.812279567474
-7.6032122816789	40.847811439564
-7.5689635777074	40.883234915570
-7.5347148737359	40.914153888859
-7.5004661697643	40.940530090669
-7.4662174657928	40.966932274178
-7.4319687618213	40.983673836505
-7.3977200578498	41.000018203177
-7.3634713538782	41.012377233677
-7.3292226499067	41.018790461772
-7.2949739459352	41.025415943472
-7.2607252419637	41.024499386193
-7.2264765379921	41.022503415284
-7.1922278340206	41.018601600914
-7.1579791300491	41.010205095382
-7.1237304260776	41.001970283052
-7.0894817221060	40.990952312699
-7.0552330181345	40.979135034802
-7.0209843141630	40.967281769667
-6.9867356101914	40.955043267435
-6.9524869062199	40.942829656809
-6.9182382022484	40.932326150786
-6.8839894982769	40.922627505197
-6.8497407943053	40.913560552567
-6.8154920903338	40.908680798267
-6.7812433863623	40.903799095012
-6.7469946823908	40.902451450521
-6.7127459784192	40.903603897276
-6.6784972744477	40.905012866736
-6.6442485704762	40.912086383739
-6.6099998665047	40.919174485844
-6.5757511625331	40.928519743737
-6.5415024585616	40.940143147149
-6.5072537545901	40.951769453014
-6.4730050506185	40.965515665190
-6.4387563466470	40.979355063128
-6.4045076426755	40.993017426560
-6.3702589387040	41.006421982288
-6.3360102347324	41.019806630437
-6.3017615307609	41.030780742523
-6.2675128267894	41.041361582601
-6.2332641228179	41.050539908288
-6.1990154188463	41.056711152962
-6.1647667148748	41.062899383585
-6.1305180109033	41.065255373388
-6.0962693069318	41.066503625647
-6.0620206029602	41.066774897945
-6.0277718989887	41.063617267991
-5.9935231950172	41.060497023391
-5.9592744910456	41.055346941854
-5.9250257870741	41.049250951038
-5.8907770831026	41.043041231333
-5.8565283791311	41.036001809366
-5.8222796751595	41.028959982403
-5.7880309711880	41.022659845037
-5.7537822672165	41.016875986508
-5.7195335632450	41.011241006830
-5.6852848592734	41.008686458351
-5.6510361553019	41.006188147653
-5.6167874513304	41.005978772763
-5.5825387473588	41.008131149224
-5.5482900433873	41.010448120743
-5.5140413394158	41.017402883258
-5.4797926354443	41.024863003449
-5.4455439314727	41.034094225713
-5.4112952275012	41.045821741042
-5.3770465235297	41.057966225245
-5.3427978195582	41.071658718426
-5.3085491155866	41.085994655670
-5.2743004116151	41.100172873057
-5.2400517076436	41.113473484494
-5.2058030036721	41.127210064875
-5.1715542997005	41.136967610187
-5.1373055957290	41.145788706133
-5.1030568917575	41.152547809269
-5.0688081877860	41.152737422163
-5.0345594838144	41.153106555824
-5.0003107798429	41.144752124269
-4.9660620758714	41.133389641468
-4.9318133718998	41.119006221899
-4.8975646679283	41.094284529442
-4.8633159639568	41.069492552214
-4.8290672599853	41.035282325295
-4.7948185560137	40.997214332460
-4.7605698520422	40.956876898849
-4.7263211480707	40.907635442854
-4.6920724440992	40.858367453689
-4.6578237401276	40.804162048792
-4.6235750361561	40.747768145479
-4.5893263321846	40.691156598636
-4.5550776282130	40.632984379838
-4.5208289242415	40.575165698084
-4.4865802202700	40.520094154152
-4.4523315162985	40.466802262483
-4.4180828123269	40.415342097106
-4.3838341083554	40.372665399853
-4.3495854043839	40.330609955358
-4.3153367004124	40.298306430260
-4.2810879964408	40.272169331188
-4.2468392924693	40.248533350121
-4.2125905884978	40.242301530871
-4.1783418845263	40.236392463635
-4.1440931805547	40.243485177666
-4.1098444765832	40.259585002948
-4.0755957726117	40.277365025379
-4.0413470686401	40.316040024628
-4.0070983646686	40.354543972060
-3.9728496606971	40.404856671454
-3.9386009567256	40.464445356784
-3.9043522527540	40.524477332824
-3.8701035487825	40.601884605143
-3.8358548448110	40.678922416934
-3.8016061408395	40.762572715980
-3.7673574368679	40.852163239384
-3.7331087328964	40.941416247543
-3.6988600289249	41.036645071467
-3.6646113249534	41.131492847916
-3.6303626209818	41.225173706227
-3.5961139170103	41.317723168892
-3.5618652130388	41.409933565330
-3.5276165090672	41.492247595278
-3.4933678050957	41.574122830806
-3.4591191011242	41.647749397848
-3.4248703971527	41.711937829118
-3.3906216931811	41.776041912333
-3.3563729892096	41.818040428227
-3.3221242852381	41.858840691630
-3.2878755812666	41.888044954023
-3.2536268772950	41.901965826034
-3.2193781733235	41.915973506585
-3.1851294693520	41.904364652953
-3.1508807653805	41.890392124047
-3.1166320614089	41.865882681343
-3.0823833574374	41.825409312994
-3.0481346534659	41.784747420994
-3.0138859494943	41.724273721999
-2.9796372455228	41.660792189951
-2.9453885415513	41.591054837310
-2.9111398375798	41.510757445938
-2.8768911336082	41.429761326994
-2.8426424296367	41.341357152914
-2.8083937256652	41.250975051330
-2.7741450216937	41.160038683923
-2.7398963177221	41.068855507299
-2.7056476137506	40.976875133354
-2.6713989097791	40.891963858075
-2.6371502058076	40.808164574824
-2.6029015018360	40.729108091463
-2.5686527978645	40.661778285109
-2.5344040938930	40.594202248326
-2.5001553899214	40.544596142556
-2.4659066859499	40.500722388270
-2.4316579819784	40.463087830524
-2.3974092780069	40.447614277181
-2.3631605740353	40.432455320504
-2.3289118700638	40.437672850338
-2.2946631660923	40.452863446529
-2.2604144621208	40.472136775809
-2.2261657581492	40.516422938154
-2.1919170541777	40.560822647686
-2.1576683502062	40.619814755088
-2.1234196462347	40.688783610634
-2.0891709422631	40.758334329775
-2.0549222382916	40.845103489043
-2.0206735343201	40.931263102495
-1.9864248303485	41.022021575093
-1.9521761263770	41.117157701264
-1.9179274224055	41.211432345502
-1.8836787184340	41.306204057618
-1.8494300144624	41.400103068395
-1.8151813104909	41.489960914847
-1.7809326065194	41.574562300738
-1.7466839025479	41.658368333221
-1.7124351985763	41.727871554440
-1.6781864946048	41.794830491688
-1.6439377906333	41.854120316489
-1.6096890866617	41.898412961316
-1.5754403826902	41.942567864632
-1.5411916787187	41.966457281416
-1.5069429747472	41.985034250624
-1.4726942707756	41.997429720081
-1.4384455668041	41.989921700374
-1.4041968628326	41.983219121110
-1.3699481588611	41.959675206579
-1.3356994548895	41.929777628912
-1.3014507509180	41.898013088552
-1.2672020469465	41.849696543380
-1.2329533429750	41.803650058416
-1.1987046390034	41.749848735127
-1.1644559350319	41.692587866312
-1.1302072310604	41.637850453732
-1.0959585270889	41.575952802223
-1.0617098231173	41.518148314410
-1.0274611191458	41.460614504183
-0.99321241517427	41.403891032084
-0.95896371120274	41.351829060069
-0.92471500723122	41.298546771119
-0.89046630325969	41.249510297207
-0.85621759928816	41.202019045457
-0.82196889531664	41.154413687139
-0.78772019134511	41.110323944350
-0.75347148737358	41.060985194033
-0.71922278340206	41.012722029612
-0.68497407943053	40.962105564669
-0.65072537545900	40.904188655707
-0.61647667148748	40.846891637486
-0.58222796751595	40.777505927077
-0.54797926354442	40.704653494327
-0.51373055957290	40.627075105528
-0.47948185560137	40.536833099369
-0.44523315162984	40.445793855065
-0.41098444765831	40.344012155877
-0.37673574368679	40.238276130809
-0.34248703971526	40.131143132096
-0.30823833574373	40.018160284124
-0.27398963177221	39.907737129161
-0.23974092780068	39.799835892673
-0.20549222382915	39.697419704650
-0.17124351985763	39.602357337785
-0.13699481588610	39.522722700692
-0.10274611191458	39.454008982326
-0.068497407943049	39.404529103809
-0.034248703971521	39.375012015488
3.5527136788005e-15	39.359675971414
0.034248703971532	39.375012015488
0.068497407943060	39.404529103809
0.10274611191458	39.454008982326
0.13699481588611	39.522722700692
0.17124351985764	39.602357337785
0.20549222382916	39.697419704650
0.23974092780069	39.799835892673
0.27398963177222	39.907737129161
0.30823833574375	40.018160284124
0.34248703971527	40.131143132096
0.37673574368680	40.238276130809
0.41098444765833	40.344012155877
0.44523315162985	40.445793855065
0.47948185560138	40.536833099369
0.51373055957291	40.627075105528
0.54797926354443	40.704653494327
0.58222796751596	40.777505927077
0.61647667148749	40.846891637486
0.65072537545901	40.904188655707
0.68497407943054	40.962105564669
0.71922278340207	41.012722029612
0.75347148737359	41.060985194033
0.78772019134512	41.110323944350
0.82196889531665	41.154413687139
0.85621759928817	41.202019045457
0.89046630325970	41.249510297207
0.92471500723123	41.298546771119
0.95896371120275	41.351829060069
0.99321241517428	41.403891032084
1.0274611191458	41.460614504183
1.0617098231173	41.518148314410
1.0959585270889	41.575952802223
1.1302072310604	41.637850453732
1.1644559350319	41.692587866312
1.1987046390034	41.749848735127
1.2329533429750	41.803650058416
1.2672020469465	41.849696543380
1.3014507509180	41.898013088552
1.3356994548895	41.929777628912
1.3699481588611	41.959675206579
1.4041968628326	41.983219121110
1.4384455668041	41.989921700374
1.4726942707757	41.997429720081
1.5069429747472	41.985034250624
1.5411916787187	41.966457281416
1.5754403826902	41.942567864632
1.6096890866618	41.898412961316
1.6439377906333	41.854120316489
1.6781864946048	41.794830491688
1.7124351985763	41.727871554440
1.7466839025479	41.658368333221
1.7809326065194	41.574562300738
1.8151813104909	41.489960914847
1.8494300144624	41.400103068395
1.8836787184340	41.306204057618
1.9179274224055	41.211432345502
1.9521761263770	41.117157701264
1.9864248303486	41.022021575093
2.0206735343201	40.931263102495
2.0549222382916	40.845103489043
2.0891709422631	40.758334329775
2.1234196462347	40.688783610634
2.1576683502062	40.619814755088
2.1919170541777	40.560822647686
2.2261657581492	40.516422938154
2.2604144621208	40.472136775809
2.2946631660923	40.452863446529
2.3289118700638	40.437672850338
2.3631605740353	40.432455320504
2.3974092780069	40.447614277181
2.4316579819784	40.463087830524
2.4659066859499	40.500722388270
2.5001553899215	40.544596142556
2.5344040938930	40.594202248326
2.5686527978645	40.661778285109
2.6029015018360	40.729108091463
2.6371502058076	40.808164574824
2.6713989097791	40.891963858075
2.7056476137506	40.976875133354
2.7398963177221	41.068855507299
2.7741450216937	41.160038683923
2.8083937256652	41.250975051330
2.8426424296367	41.341357152914
2.8768911336083	41.429761326994
2.9111398375798	41.510757445938
2.9453885415513	41.591054837310
2.9796372455228	41.660792189951
3.0138859494944	41.724273721999
3.0481346534659	41.784747420994
3.0823833574374	41.825409312994
3.1166320614089	41.865882681343
3.1508807653805	41.890392124047
3.1851294693520	41.904364652953
3.2193781733235	41.915973506585
3.2536268772950	41.901965826034
3.2878755812666	41.888044954023
3.3221242852381	41.858840691630
3.3563729892096	41.818040428227
3.3906216931811	41.776041912333
3.4248703971527	41.711937829118
3.4591191011242	41.647749397848
3.4933678050957	41.574122830806
3.5276165090673	41.492247595278
3.5618652130388	41.409933565330
3.5961139170103	41.317723168892
3.6303626209818	41.225173706227
3.6646113249534	41.131492847916
3.6988600289249	41.036645071467
3.7331087328964	40.941416247543
3.7673574368679	40.852163239384
3.8016061408395	40.762572715980
3.8358548448110	40.678922416934
3.8701035487825	40.601884605143
3.9043522527541	40.524477332824
3.9386009567256	40.464445356784
3.9728496606971	40.404856671454
4.0070983646686	40.354543972060
4.0413470686402	40.316040024628
4.0755957726117	40.277365025379
4.1098444765832	40.259585002948
4.1440931805547	40.243485177666
4.1783418845263	40.236392463635
4.2125905884978	40.242301530871
4.2468392924693	40.248533350121
4.2810879964408	40.272169331188
4.3153367004124	40.298306430260
4.3495854043839	40.330609955358
4.3838341083554	40.372665399853
4.4180828123270	40.415342097106
4.4523315162985	40.466802262483
4.4865802202700	40.520094154152
4.5208289242415	40.575165698084
4.5550776282131	40.632984379838
4.5893263321846	40.691156598636
4.6235750361561	40.747768145479
4.6578237401276	40.804162048792
4.6920724440992	40.858367453689
4.7263211480707	40.907635442854
4.7605698520422	40.956876898849
4.7948185560137	40.997214332460
4.8290672599853	41.035282325295
4.8633159639568	41.069492552214
4.8975646679283	41.094284529442
4.9318133718999	41.119006221899
4.9660620758714	41.133389641468
5.0003107798429	41.144752124269
5.0345594838144	41.153106555824
5.0688081877860	41.152737422163
5.1030568917575	41.152547809269
5.1373055957290	41.145788706133
5.1715542997005	41.136967610187
5.2058030036721	41.127210064875
5.2400517076436	41.113473484494
5.2743004116151	41.100172873057
5.3085491155866	41.085994655670
5.3427978195582	41.071658718426
5.3770465235297	41.057966225245
5.4112952275012	41.045821741042
5.4455439314728	41.034094225713
5.4797926354443	41.024863003449
5.5140413394158	41.017402883258
5.5482900433873	41.010448120743
5.5825387473589	41.008131149224
5.6167874513304	41.005978772763
5.6510361553019	41.006188147653
5.6852848592734	41.008686458351
5.7195335632450	41.011241006830
5.7537822672165	41.016875986508
5.7880309711880	41.022659845037
5.8222796751595	41.028959982403
5.8565283791311	41.036001809366
5.8907770831026	41.043041231333
5.9250257870741	41.049250951038
5.9592744910457	41.055346941854
5.9935231950172	41.060497023391
6.0277718989887	41.063617267991
6.0620206029602	41.066774897945
6.0962693069318	41.066503625647
6.1305180109033	41.065255373388
6.1647667148748	41.062899383585
6.1990154188463	41.056711152962
6.2332641228179	41.050539908288
6.2675128267894	41.041361582601
6.3017615307609	41.030780742523
6.3360102347324	41.019806630437
6.3702589387040	41.006421982288
6.4045076426755	40.993017426560
6.4387563466470	40.979355063128
6.4730050506186	40.965515665190
6.5072537545901	40.951769453014
6.5415024585616	40.940143147149
6.5757511625331	40.928519743737
6.6099998665047	40.919174485844
6.6442485704762	40.912086383739
6.6784972744477	40.905012866736
6.7127459784192	40.903603897276
6.7469946823908	40.902451450521
6.7812433863623	40.903799095012
6.8154920903338	40.908680798267
6.8497407943053	40.913560552567
6.8839894982769	40.922627505197
6.9182382022484	40.932326150786
6.9524869062199	40.942829656809
6.9867356101915	40.955043267435
7.0209843141630	40.967281769667
7.0552330181345	40.979135034802
7.0894817221060	40.990952312699
7.1237304260776	41.001970283052
7.1579791300491	41.010205095382
7.1922278340206	41.018601600914
7.2264765379921	41.022503415284
7.2607252419637	41.024499386193
7.2949739459352	41.025415943472
7.3292226499067	41.018790461772
7.3634713538782	41.012377233677
7.3977200578498	41.000018203177
7.4319687618213	40.983673836505
7.4662174657928	40.966932274178
7.5004661697644	40.940530090669
7.5347148737359	40.914153888859
7.5689635777074	40.883234915570
7.6032122816789	40.847811439564
7.6374609856505	40.812279567474
7.6717096896220	40.770441537589
7.7059583935935	40.728159998004
7.7402070975650	40.684505260534
7.7744558015366	40.639008101638
7.8087045055081	40.593293694094
7.8429532094796	40.548673187280
7.8772019134512	40.504112349025
7.9114506174227	40.461323848141
7.9456993213942	40.422507035478
7.9799480253657	40.383721493880
8.0141967293373	40.352601881884
8.0484454333088	40.323881569863
8.0826941372803	40.298230132833
8.1169428412518	40.282611718012
8.1511915452234	40.267287676286
8.1854402491949	40.261733221076
8.2196889531664	40.260934637405
8.2539376571379	40.262194965557
8.2881863611095	40.275443156225
8.3224350650810	40.288851239818
8.3566837690525	40.309151750576
8.3909324730241	40.334291082974
8.4251811769956	40.359735947066
8.4594298809671	40.393171655756
8.4936785849386	40.426492754643
8.5279272889102	40.461825172930
8.5621759928817	40.499240140490
8.5964246968532	40.536498047781
8.6306734008247	40.573758305904
8.6649221047963	40.610906423990
8.6991708087678	40.646442125927
8.7334195127393	40.679608734925
8.7676682167108	40.712735780697
8.8019169206824	40.739826123249
8.8361656246539	40.765858652510
8.8704143286254	40.789114800119
8.9046630325970	40.805788126006
8.9389117365685	40.822562103412
8.9731604405400	40.831429761825
9.0074091445115	40.837731676672
9.0416578484831	40.842002158451
9.0759065524546	40.837925085661
9.1101552564261	40.833915111413
9.1444039603976	40.823965638505
9.1786526643692	40.810865007433
9.2129013683407	40.797063286704
9.2471500723122	40.777312819534
9.2813987762837	40.757521431263
9.3156474802553	40.735824159133
9.3498961842268	40.712601650405
9.3841448881983	40.689323722517
9.4183935921698	40.666291249150
9.4526422961414	40.643220729481
9.4868910001129	40.621828839928
9.5211397040844	40.602419467835
9.5553884080560	40.583022126772
9.5896371120275	40.569423930670
9.6238858159990	40.556415923786
9.6581345199705	40.546302366008
9.6923832239421	40.541125048817
9.7266319279136	40.536039097281
9.7608806318851	40.537310849768
9.7951293358566	40.540039306993
9.8293780398282	40.544553058231
9.8636267437997	40.553656745599
9.8978754477712	40.562820343274
9.9321241517428	40.574759576388
9.9663728557143	40.587760164144
10.000621559686	40.600916021175
10.034870263657	40.614678907087
10.069118967629	40.628447890422
10.103367671600	40.640743473390
10.137616375572	40.652170018760
10.171865079543	40.663187761616
10.206113783515	40.669653924192
10.240362487486	40.676121635883
10.274611191458	40.678803831217
10.308859895430	40.678520631242
10.343108599401	40.677944743137
10.377357303373	40.670094253378
10.411606007344	40.662237545206
10.445854711316	40.650538219608
10.480103415287	40.635240996526
10.514352119259	40.619916930404
10.548600823230	40.598215902635
10.582849527202	40.576435153454
10.617098231173	40.552398734543
10.651346935145	40.525850069235
10.685595639116	40.499221158696
10.719844343088	40.470138434709
10.754093047059	40.440846101422
10.788341751031	40.411378764456
10.822590455002	40.381715028891
10.856839158974	40.351963372618
10.891087862946	40.323957573975
10.925336566917	40.296069032429
10.959585270889	40.269632161387
10.993833974860	40.245548976826
11.028082678832	40.221442768046
11.062331382803	40.201957837948
11.096580086775	40.183208653162
11.130828790746	40.166635651858
11.165077494718	40.154196925744
11.199326198689	40.141822390254
11.233574902661	40.134892622814
11.267823606632	40.129198619763
11.302072310604	40.125480959528
11.336321014575	40.126218507472
11.370569718547	40.127037628662
11.404818422518	40.132235263043
11.439067126490	40.138701036756
11.473315830461	40.146358851745
11.507564534433	40.157302196595
11.541813238405	40.168265595179
11.576061942376	40.181470822501
11.610310646348	40.195461172975
11.644559350319	40.209773494565
11.678808054291	40.225282363281
11.713056758262	40.240763661389
11.747305462234	40.256293132873
11.781554166205	40.271834288210
11.815802870177	40.287142424629
11.850051574148	40.301426110432
11.884300278120	40.315720544418
11.918548982091	40.328440786375
11.952797686063	40.340358911021
11.987046390034	40.351880409934
12.021295094006	40.360445463579
12.055543797977	40.369113710012
12.089792501949	40.375237665391
12.124041205920	40.379787922764
12.158289909892	40.384042029826
12.192538613864	40.383823856020
12.226787317835	40.383763868350
12.261036021807	40.380744551470
12.295284725778	40.375475675479
12.329533429750	40.370113779549
12.363782133721	40.359453238961
12.398030837693	40.348915312179
12.432279541664	40.335635538762
12.466528245636	40.319815190743
12.500776949607	40.304071361264
12.535025653579	40.283542318225
12.569274357550	40.263035955434
12.603523061522	40.240933668527
12.637771765493	40.216730340435
12.672020469465	40.192498455629
12.706269173436	40.166416862000
12.740517877408	40.140008383249
12.774766581379	40.113521589351
12.809015285351	40.086933170668
12.843263989323	40.060264476815
12.877512693294	40.035164160162
12.911761397266	40.010554120931
12.946010101237	39.986689701530
12.980258805209	39.966403795317
13.014507509180	39.946084146743
13.048756213152	39.929708894243
13.083004917123	39.915779498458
13.117253621095	39.902311132460
13.151502325066	39.896284336164
13.185751029038	39.890326667124
13.219999733009	39.888663743095
13.254248436981	39.891442559943
13.288497140952	39.894332375194
13.322745844924	39.905160658232
13.356994548895	39.916712924473
13.391243252867	39.931093314093
13.425491956838	39.950260536401
13.459740660810	39.969563938674
13.493989364782	39.993367320381
13.528238068753	40.018360220049
13.562486772725	40.044157680167
13.596735476696	40.072234848728
13.630984180668	40.100400532159
13.665232884639	40.128566544359
13.699481588611	40.156752649205
13.733730292582	40.184625246190
13.767978996554	40.209671169286
13.802227700525	40.234743462191
13.836476404497	40.256453777601
13.870725108468	40.275405903500
13.904973812440	40.294364586040
13.939222516411	40.304852385622
13.973471220383	40.315225742671
14.007719924354	40.321236774441
14.041968628326	40.321310692080
14.076217332297	40.321385443862
14.110466036269	40.311929980810
14.144714740241	40.300938814996
14.178963444212	40.286751778515
14.213212148184	40.264992510925
14.247460852155	40.243277820113
14.281709556127	40.214686734630
14.315958260098	40.183664764865
14.350206964070	40.151542057440
14.384455668041	40.113712617125
14.418704372013	40.076041566414
14.452953075984	40.036290743411
14.487201779956	39.995300286079
14.521450483927	39.954554720374
14.555699187899	39.914307556082
14.589947891870	39.874343521833
14.624196595842	39.836783203213
14.658445299813	39.801803991779
14.692694003785	39.767124422344
14.726942707756	39.740337475006
14.761191411728	39.714498355380
14.795440115700	39.693960045832
14.829688819671	39.679967263096
14.863937523643	39.666147379816
14.898186227614	39.665374676926
14.932434931586	39.665093994305
14.966683635557	39.671745667146
15.000932339529	39.685434026204
15.035181043500	39.699357137910
15.069429747472	39.725808228364
15.103678451443	39.752201861935
15.137927155415	39.784007647057
15.172175859386	39.820324120585
15.206424563358	39.857004590383
15.240673267329	39.898997386389
15.274921971301	39.940998870219
15.309170675272	39.983241109952
15.343419379244	40.025712606784
15.377668083216	40.067595074749
15.411916787187	40.104815155839
15.446165491159	40.142192402387
15.480414195130	40.172562192844
15.514662899102	40.199248567918
15.548911603073	40.223395691948
15.583160307045	40.234746776747
15.617409011016	40.246303845954
15.651657714988	40.244774858587
15.685906418959	40.237696313080
15.720155122931	40.226148869961
15.754403826902	40.198845088990
15.788652530874	40.171528023267
15.822901234845	40.129151979543
15.857149938817	40.081590819634
15.891398642788	40.028861748529
15.925647346760	39.962868996531
15.959896050731	39.896375242184
15.994144754703	39.817928982225
16.028393458675	39.735932329421
16.062642162646	39.650006759772
16.096890866618	39.556744860875
16.131139570589	39.462480046883
16.165388274561	39.363446987631
16.199636978532	39.262644528609
16.233885682504	39.161082267768
16.268134386475	39.059002106941
16.302383090447	38.955737794717
16.336631794418	38.857109400292
16.370880498390	38.757984101768
16.405129202361	38.662736031048
16.439377906333	38.573096177640
16.473626610304	38.482541572791
16.507875314276	38.406853690041
16.542124018247	38.331215473423
16.576372722219	38.265002850034
16.610621426190	38.209141636654
16.644870130162	38.153138289052
16.679118834134	38.121328623662
16.713367538105	38.089403871200
16.747616242077	38.072223018998
16.781864946048	38.067947781152
16.816113650020	38.066024640490
16.850362353991	38.091586414378
16.884611057963	38.117074544412
16.918859761934	38.161602815571
16.953108465906	38.217403262321
16.987357169877	38.277908305472
17.021605873849	38.363003380981
17.055854577820	38.447285914080
17.090103281792	38.550778639137
17.124351985763	38.661105106731
17.158600689735	38.776419092878
17.192849393706	38.908537226151
17.227098097678	39.038724088642
17.261346801649	39.182997575138
17.295595505621	39.328943147087
17.329844209593	39.477449436187
17.364092913564	39.632773803904
17.398341617536	39.785487626602
17.432590321507	39.942275946345
17.466839025479	40.097274747075
17.501087729450	40.249755504128
17.535336433422	40.399854802827
17.569585137393	40.547614754395
17.603833841365	40.685721159138
17.638082545336	40.821725030648
17.672331249308	40.947917367786
17.706579953279	41.065313340313
17.740828657251	41.179970529217
17.775077361222	41.272413965703
17.809326065194	41.364169790425
17.843574769165	41.437669019956
17.877823473137	41.499572656827
17.912072177108	41.556153432073
17.946320881080	41.583831815623
17.980569585052	41.611717180055
18.014818289023	41.613682213941
18.049066992995	41.604483678561
18.083315696966	41.586188023736
18.117564400938	41.538279329077
18.151813104909	41.490356539242
18.186061808881	41.412110808074
18.220310512852	41.324899644167
18.254559216824	41.225247017426
18.288807920795	41.100155935687
18.323056624767	40.973359932246
18.357305328738	40.817380341381
18.391554032710	40.654484893385
18.425802736681	40.478267379336
18.460051440653	40.283714430553
18.494300144624	40.084693231563
18.528548848596	39.865130072641
18.562797552567	39.639284877673
18.597046256539	39.404267912522
18.631294960511	39.159778559145
18.665543664482	38.908659376424
18.699792368454	38.656042918612
18.734041072425	38.397216176795
18.768289776397	38.140099458892
18.802538480368	37.888037042370
18.836787184340	37.631093269180
18.871035888311	37.399846859154
18.905284592283	37.169475700931
18.939533296254	36.955200019654
18.973782000226	36.770377086718
19.008030704197	36.587554232965
19.042279408169	36.456974379091
19.076528112140	36.339774527381
19.110776816112	36.248644606434
19.145025520083	36.207477828058
19.179274224055	36.171830412185
19.213522928026	36.194564011597
19.247771631998	36.235198232343
19.282020335970	36.295753513413
19.316269039941	36.405346882755
19.350517743913	36.515019074808
19.384766447884	36.665466119474
19.419015151856	36.828748600398
19.453263855827	36.998314468675
19.487512559799	37.201556677653
19.521761263770	37.400267260867
19.556009967742	37.617851259009
19.590258671713	37.842391147437
19.624507375685	38.065244677063
19.658756079656	38.303592537021
19.693004783628	38.537756431013
19.727253487599	38.774590241230
19.761502191571	39.012675087031
19.795750895542	39.247571594144
19.829999599514	39.480131516001
19.864248303486	39.710733504024
19.898497007457	39.934243694392
19.932745711429	40.152527294419
19.966994415400	40.369539919848
20.001243119372	40.568820674539
20.035491823343	40.768040615157
20.069740527315	40.955591946697
20.103989231286	41.131277291149
20.138237935258	41.307334327756
20.172486639229	41.456753878114
20.206735343201	41.605585970449
20.240984047172	41.741565248373
20.275232751144	41.859652013326
20.309481455115	41.978707958117
20.343730159087	42.064549792683
20.377978863058	42.150351796530
20.412227567030	42.217683937629
20.446476271001	42.268098388681
20.480724974973	42.316528787480
20.514973678945	42.329915453066
20.549222382916	42.343870581588
20.583471086888	42.333974721272
20.617719790859	42.309676119109
20.651968494831	42.278742714203
20.686217198802	42.216269864776
20.720465902774	42.153352914626
20.754714606745	42.063625964314
20.788963310717	41.963112366430
20.823212014688	41.852352183555
20.857460718660	41.716749092826
20.891709422631	41.579323785860
20.925958126603	41.417181399243
20.960206830574	41.248082194390
20.994455534546	41.068572632752
21.028704238517	40.873638838461
21.062952942489	40.675833302251
21.097201646460	40.463510040422
21.131450350432	40.247438727942
21.165699054404	40.027122895318
21.199947758375	39.802626662779
21.234196462347	39.575863181397
21.268445166318	39.354249812431
21.302693870290	39.130607871144
21.336942574261	38.916405956804
21.371191278233	38.708432905908
21.405439982204	38.503643933116
21.439688686176	38.323291540327
21.473937390147	38.142213583632
21.508186094119	37.988322821867
21.542434798090	37.845888401171
21.576683502062	37.715196698396
21.610932206033	37.620843470183
21.645180910005	37.525996340937
21.679429613976	37.476676187818
21.713678317948	37.438554638425
21.747927021919	37.421104419301
21.782175725891	37.447511498209
21.816424429863	37.474457436125
21.850673133834	37.560762843063
21.884921837806	37.658813535052
21.919170541777	37.783850894011
21.953419245749	37.954219688691
21.987667949720	38.124820577337
22.021916653692	38.355131281203
22.056165357663	38.590866610649
22.090414061635	38.848843640460
22.124662765606	39.137285803330
22.158911469578	39.420121001642
22.193160173549	39.741696377036
22.227408877521	40.057653913367
22.261657581492	40.381080624008
22.295906285464	40.713276709664
22.330154989435	41.034881062231
22.364403693407	41.367108846264
22.398652397378	41.688462191241
22.432901101350	42.003356405708
22.467149805322	42.311785173270
22.501398509293	42.609901529238
22.535647213265	42.894615133372
22.569895917236	43.170423590100
22.604144621208	43.429358992602
22.638393325179	43.673966028091
22.672642029151	43.910088569164
22.706890733122	44.115688627746
22.741139437094	44.316544610001
22.775388141065	44.491403500256
22.809636845037	44.648151356704
22.843885549008	44.797016399339
22.878134252980	44.903373212485
22.912382956951	45.008449866405
22.946631660923	45.079338631257
22.980880364894	45.129770693057
23.015129068866	45.172101598043
23.049377772837	45.163428569352
23.083626476809	45.154749898625
23.117875180781	45.106255334980
23.152123884752	45.035280558042
23.186372588724	44.954216875166
23.220621292695	44.819535219077
23.254869996667	44.682840757151
23.289118700638	44.504857176835
23.323367404610	44.303127398343
23.357616108581	44.087877338645
23.391864812553	43.824006857370
23.426113516524	43.552414173740
23.460362220496	43.244535138149
23.494610924467	42.912805204389
23.528859628439	42.563941681928
23.563108332410	42.180369671537
23.597357036382	41.780583047507
23.631605740353	41.358074770872
23.665854444325	40.913659103520
23.700103148296	40.450595161281
23.734351852268	39.975146540891
23.768600556240	39.474938889440
23.802849260211	38.973760239787
23.837097964183	38.455180064420
23.871346668154	37.921465034643
23.905595372126	37.399922674038
23.939844076097	36.848047138857
23.974092780069	36.321391592136
24.008341484040	35.780108113453
24.042590188012	35.232351774752
24.076838891983	34.712580815510
24.111087595955	34.160748945005
24.145336299926	33.654645761303
24.179585003898	33.133871317345
24.213833707869	32.615874618579
24.248082411841	32.130265341530
24.282331115812	31.616088187603
24.316579819784	31.156609991213
24.350828523756	30.683122877855
24.385077227727	30.219290107744
24.419325931699	29.782096014939
24.453574635670	29.324449683064
24.487823339642	28.910148171441
24.522072043613	28.481612339923
24.556320747585	28.061466449942
24.590569451556	27.644739035360
24.624818155528	27.215071972272
24.659066859499	26.792002490186
24.693315563471	26.348425014260
24.727564267442	25.900014657947
24.761812971414	25.432641293893
24.796061675385	24.948871963938
24.830310379357	24.453924497743
24.864559083328	23.929880253875
24.898807787300	23.415363840061
24.933056491271	22.872949688376
24.967305195243	22.586948937496
25.001553899215	22.292640727970
